Achievement_InnerPanelTop.xnb 7546 2026 6 22
Background_219.xnb 4096 2048 2048 1092
Background_220.xnb 6144 2048 2048 1092
Background_221.xnb 3609 3248 2048 1092
Background_235.xnb 5657 3248 2048 1080
Background_260.xnb 2048 6529 1024 1536
Background_271.xnb 0 5480 2048 1200
Background_272.xnb 0 6680 2048 1200
Background_273.xnb 2048 2048 2048 1200
Background_281.xnb 0 0 2048 2048
Background_282.xnb 2048 3248 1561 1541
Background_5.xnb 8064 1716 128 288
Button_Filtering.xnb 3460 6021 114 28
CageTop_0.xnb 6874 2034 106 10
CageTop_1.xnb 6658 2034 108 10
CageTop_2.xnb 6766 2034 108 10
CageTop_3.xnb 5657 4328 53 10
CageTop_4.xnb 5710 4328 53 10
Chain.xnb 4963 8180 12 12
Chain16.xnb 4088 2040 8 8
Chain18.xnb 4975 8180 12 12
Chain2.xnb 4987 8180 12 12
Chain22.xnb 4999 8180 12 12
Chain23.xnb 3601 7451 6 12
Chain24.xnb 3601 7195 8 12
Chain25.xnb 5011 8180 12 12
Chain3.xnb 6717 8180 10 12
Chain33.xnb 3601 7463 6 12
Chain34.xnb 3601 7207 6 16
Chain36.xnb 5023 8180 12 12
Chain38.xnb 3907 8184 16 8
Chain39.xnb 3923 8184 16 8
Chain41.xnb 2040 8182 8 10
Chain42.xnb 3601 7341 8 10
Chain43.xnb 3601 7351 8 10
Chain6.xnb 6727 8180 10 12
Chain7.xnb 6987 8180 10 10
Chain8.xnb 5035 8180 12 12
Chain9.xnb 5047 8180 12 12
Chains_10.xnb 5059 8180 12 12
Chains_14.xnb 5071 8180 12 12
Chains_16.xnb 6737 8180 10 12
Chains_2.xnb 5083 8180 12 12
Chains_4.xnb 3939 8184 16 8
Chains_5.xnb 3955 8184 16 8
Chains_6.xnb 3971 8184 16 8
Chains_7.xnb 3987 8184 16 8
Cloud_31.xnb 7935 6392 100 108
ColorBlip.xnb 6094 3228 2 8
Combat_Crit_30 7552 1716 512 332
Death_Text_20 8049 5280 128 136
Death_Text_24 3609 7580 1024 604
Death_Text_25 5529 7580 1024 604
Divider.xnb 2048 2044 8 4
Dust.xnb 2048 8065 1000 120
Extra_103.xnb 6448 2034 210 10
Extra_130.xnb 7782 3230 234 18
Extra_136.xnb 6121 4328 28 12
Extra_137.xnb 6149 4328 28 12
Extra_147.xnb 6144 2034 304 14
Extra_148.xnb 6177 4328 28 12
Extra_154.xnb 6747 8180 10 12
Extra_178.xnb 2048 2042 512 2
Extra_203.xnb 6757 8180 10 12
Extra_208.xnb 3600 7785 4 8
Extra_259.xnb 7935 5312 114 102
Extra_260.xnb 1908 8156 90 36
Extra_262.xnb 6072 2032 4 12
Extra_56.xnb 3631 8184 20 8
Extra_64.xnb 8167 7540 24 216
Extra_66.xnb 5095 8180 12 12
Extra_78.xnb 8049 5420 136 960
Extra_86.xnb 6623 4328 28 10
Extra_87.xnb 6205 4328 28 12
Extra_88.xnb 6096 3234 38 14
Extra_95.xnb 6767 8180 10 12
FishingLine.xnb 5107 8180 12 12
Gastropod.xnb 6997 8180 10 10
GemChain_1.xnb 4035 8184 14 8
GemChain_2.xnb 4123 8184 10 8
GemChain_3.xnb 4133 8184 10 8
GemChain_4.xnb 4143 8184 10 8
GemChain_5.xnb 6777 8180 10 12
GemChain_6.xnb 4153 8184 10 8
Glow_112.xnb 6144 3230 486 18
Glow_165.xnb 3651 8184 20 8
Glow_222.xnb 5433 7580 96 594
Glow_225.xnb 7449 4340 600 972
Glow_296.xnb 3572 6049 36 468
Glow_297.xnb 7449 5312 486 108
Glow_35.xnb 3576 5685 30 360
Glow_65.xnb 6630 3230 486 18
Glow_70.xnb 8052 3214 20 34
Glow_83.xnb 6261 4328 32 10
Glow_97.xnb 4003 8184 16 8
GolfBallOutline.xnb 3601 7499 8 8
GolfBall_Map.xnb 7007 8180 10 10
GolfSwingBarFill.xnb 7092 2034 54 14
GolfSwingBarPanel.xnb 7146 2034 54 14
Gore_100.xnb 7245 4328 18 12
Gore_1010.xnb 7263 4328 18 12
Gore_1016.xnb 7017 8180 10 10
Gore_1019.xnb 7281 4328 18 12
Gore_1024.xnb 4163 8184 10 8
Gore_1025.xnb 3601 7507 8 8
Gore_1026.xnb 3601 7515 8 8
Gore_1040.xnb 3504 8149 36 42
Gore_1083.xnb 7440 1980 106 64
Gore_1087.xnb 5763 4328 42 12
Gore_1088.xnb 5805 4328 42 12
Gore_1089.xnb 5847 4328 42 12
Gore_1090.xnb 5889 4328 42 12
Gore_1091.xnb 2560 2042 30 6
Gore_1092.xnb 2000 8182 40 10
Gore_1093.xnb 2590 2042 30 6
Gore_1096.xnb 4787 8180 16 10
Gore_1100.xnb 6233 4328 28 12
Gore_1107.xnb 6795 4328 20 12
Gore_1108.xnb 7689 4328 14 12
Gore_1125.xnb 6787 8180 10 12
Gore_1126.xnb 7027 8180 10 10
Gore_1127.xnb 5119 8180 12 12
Gore_1128.xnb 5131 8180 12 12
Gore_1129.xnb 6797 8180 10 12
Gore_1130.xnb 7037 8180 10 10
Gore_1131.xnb 6807 8180 10 12
Gore_1132.xnb 5143 8180 12 12
Gore_1133.xnb 7047 8180 10 10
Gore_1134.xnb 6817 8180 10 12
Gore_1135.xnb 5155 8180 12 12
Gore_1136.xnb 7057 8180 10 10
Gore_1137.xnb 5167 8180 12 12
Gore_1138.xnb 6827 8180 10 12
Gore_1139.xnb 7067 8180 10 10
Gore_1140.xnb 5179 8180 12 12
Gore_1141.xnb 6837 8180 10 12
Gore_1142.xnb 7077 8180 10 10
Gore_1143.xnb 5191 8180 12 12
Gore_1144.xnb 6847 8180 10 12
Gore_1145.xnb 7087 8180 10 10
Gore_1148.xnb 6577 8180 14 10
Gore_1149.xnb 2704 2042 12 6
Gore_1150.xnb 6815 4328 20 12
Gore_1153.xnb 3601 7079 8 14
Gore_1156.xnb 6707 4328 22 12
Gore_1159.xnb 4803 8180 16 10
Gore_1163.xnb 7371 4328 16 12
Gore_1166.xnb 6591 8180 14 10
Gore_1168.xnb 6857 8180 12 10
Gore_1169.xnb 6605 8180 14 10
Gore_1171.xnb 6869 8180 12 10
Gore_118.xnb 6835 4328 20 12
Gore_1190.xnb 4819 8180 16 10
Gore_1191.xnb 6619 8180 14 10
Gore_1195.xnb 5203 8180 12 12
Gore_1196.xnb 6633 8180 14 10
Gore_1200.xnb 4633 8180 14 12
Gore_1203.xnb 5931 4328 42 12
Gore_1204.xnb 5973 4328 42 12
Gore_1205.xnb 8180 2040 12 8
Gore_1206.xnb 6881 8180 12 10
Gore_1215.xnb 7595 4328 18 10
Gore_1216.xnb 5215 8180 12 12
Gore_1217.xnb 3601 6587 8 24
Gore_1220.xnb 4063 8184 12 8
Gore_1221.xnb 4835 8180 16 10
Gore_1222.xnb 6134 3234 10 14
Gore_1224.xnb 4075 8184 12 8
Gore_1226.xnb 6855 4328 20 12
Gore_1261.xnb 7299 4328 18 12
Gore_1275.xnb 6647 8180 14 10
Gore_1276.xnb 4087 8184 12 8
Gore_1277.xnb 7387 4328 16 12
Gore_1280.xnb 7403 4328 16 12
Gore_1283.xnb 6729 4328 22 12
Gore_1309.xnb 7135 4328 22 10
Gore_131.xnb 6015 4328 38 12
Gore_1312.xnb 6875 4328 20 12
Gore_1318.xnb 7613 4328 18 10
Gore_1333.xnb 6893 8180 10 12
Gore_1336.xnb 3671 8184 20 8
Gore_1353.xnb 4851 8180 16 10
Gore_1359.xnb 3871 8184 18 8
Gore_1364.xnb 4647 8180 14 12
Gore_1365.xnb 5227 8180 12 12
Gore_1370.xnb 6407 4328 24 12
Gore_1374.xnb 6651 4328 28 10
Gore_1376.xnb 6325 4328 26 12
Gore_1379.xnb 4099 8184 12 8
Gore_1380.xnb 4111 8184 12 8
Gore_1382.xnb 4867 8180 16 10
Gore_166.xnb 6895 4328 20 12
Gore_197.xnb 7419 4328 16 12
Gore_202.xnb 7317 4328 18 12
Gore_203.xnb 6915 4328 20 12
Gore_242.xnb 7631 4328 18 10
Gore_244.xnb 6751 4328 22 12
Gore_274.xnb 4661 8180 14 12
Gore_276.xnb 3601 6907 8 16
Gore_277.xnb 3601 6847 8 18
Gore_278.xnb 3600 7745 6 10
Gore_279.xnb 6935 4328 24 10
Gore_280.xnb 4883 8180 16 10
Gore_281.xnb 3691 8184 20 8
Gore_282.xnb 2716 2042 12 6
Gore_287.xnb 3601 6707 8 20
Gore_312.xnb 7649 4328 18 10
Gore_322.xnb 6903 8180 10 12
Gore_325.xnb 6431 4328 24 12
Gore_330.xnb 4675 8180 14 12
Gore_344.xnb 5239 8180 12 12
Gore_350.xnb 4689 8180 14 12
Gore_358.xnb 3601 7177 6 18
Gore_370.xnb 7335 4328 18 12
Gore_411.xnb 7097 8180 10 10
Gore_416.xnb 7107 8180 10 10
Gore_421.xnb 7117 8180 10 10
Gore_426.xnb 7127 8180 10 10
Gore_43.xnb 4899 8180 16 10
Gore_431.xnb 7435 4328 16 12
Gore_432.xnb 7451 4328 16 12
Gore_434.xnb 7467 4328 16 12
Gore_444.xnb 7483 4328 16 12
Gore_453.xnb 6661 8180 14 10
Gore_456.xnb 6675 8180 14 10
Gore_459.xnb 6959 4328 20 12
Gore_462.xnb 6913 8180 10 12
Gore_483.xnb 6004 1990 68 58
Gore_49.xnb 3711 8184 20 8
Gore_547.xnb 4703 8180 14 12
Gore_552.xnb 6923 8180 10 12
Gore_561.xnb 6455 4328 24 12
Gore_562.xnb 7499 4328 16 12
Gore_566.xnb 7157 4328 22 10
Gore_568.xnb 4717 8180 14 12
Gore_569.xnb 5251 8180 12 12
Gore_580.xnb 6933 8180 12 10
Gore_581.xnb 6689 8180 14 10
Gore_582.xnb 7137 8180 10 10
Gore_589.xnb 3601 7093 8 14
Gore_593.xnb 3601 7107 8 14
Gore_596.xnb 3601 7121 8 14
Gore_599.xnb 3601 7135 8 14
Gore_602.xnb 3601 7149 8 14
Gore_624.xnb 3731 8184 20 8
Gore_627.xnb 3751 8184 20 8
Gore_630.xnb 3771 8184 20 8
Gore_633.xnb 3791 8184 20 8
Gore_636.xnb 3811 8184 20 8
Gore_659.xnb 3528 6521 22 8
Gore_676.xnb 3831 8184 20 8
Gore_699.xnb 5263 8180 12 12
Gore_700.xnb 6945 8180 10 12
Gore_704.xnb 3601 7361 8 10
Gore_736.xnb 7515 4328 16 12
Gore_738.xnb 7531 4328 16 12
Gore_769.xnb 3889 8184 18 8
Gore_798.xnb 7358 2034 42 14
Gore_804.xnb 6479 4328 24 12
Gore_813.xnb 7353 4328 18 12
Gore_817.xnb 7308 2034 50 14
Gore_82.xnb 4731 8180 14 12
Gore_83.xnb 4745 8180 14 12
Gore_835.xnb 6377 4328 30 10
Gore_906.xnb 3601 7163 8 14
Gore_998.xnb 5275 8180 12 12
HP_Fill.xnb 5287 8180 12 12
HP_Fill_Honey.xnb 5299 8180 12 12
HealthBar1.xnb 3572 6517 36 12
HealthBar2.xnb 6053 4328 36 12
IceQueen.xnb 3210 4789 250 1260
Inventory_Tick_Off.xnb 7547 4328 16 12
Inventory_Tick_On.xnb 7563 4328 16 12
Item_1151.xnb 3312 6521 24 8
Item_1179.xnb 5311 8180 12 12
Item_1197.xnb 6980 2034 56 14
Item_1293.xnb 6503 4328 24 12
Item_1302.xnb 3601 6923 8 16
Item_1342.xnb 3601 7223 8 12
Item_1349.xnb 3601 6939 8 16
Item_1736.xnb 4759 8180 14 12
Item_1776.xnb 6351 4328 26 12
Item_2051.xnb 3601 6865 8 18
Item_2086.xnb 3601 6559 8 28
Item_2234.xnb 6955 8180 10 12
Item_2235.xnb 3286 6521 26 8
Item_2243.xnb 3336 6521 24 8
Item_234.xnb 5323 8180 12 12
Item_244.xnb 7179 4328 22 10
Item_264.xnb 6979 4328 20 12
Item_278.xnb 5335 8180 12 12
Item_281.xnb 3210 6521 38 8
Item_283.xnb 6965 8180 12 10
Item_285.xnb 6679 4328 28 10
Item_3162.xnb 8016 3230 36 18
Item_3172.xnb 7579 4328 16 12
Item_356.xnb 3550 6521 22 8
Item_3567.xnb 3601 6955 8 16
Item_3602.xnb 3601 6971 8 16
Item_3618.xnb 3601 6987 8 16
Item_3626.xnb 6527 4328 24 12
Item_3630.xnb 6551 4328 24 12
Item_3631.xnb 6575 4328 24 12
Item_3632.xnb 6599 4328 24 12
Item_3663.xnb 3601 7003 8 16
Item_3707.xnb 6999 4328 24 10
Item_3780.xnb 8180 2004 12 36
Item_3785.xnb 2686 2042 18 6
Item_3789.xnb 8180 3212 12 36
Item_3812.xnb 4773 8180 14 12
Item_383.xnb 7200 2034 54 14
Item_384.xnb 7254 2034 54 14
Item_387.xnb 7036 2034 56 14
Item_3919.xnb 6089 4328 32 12
Item_4027.xnb 3048 8065 24 126
Item_4130.xnb 7667 4328 22 8
Item_4134.xnb 3609 8184 22 8
Item_4135.xnb 3851 8184 20 8
Item_4261.xnb 3360 6521 24 8
Item_4262.xnb 3248 6521 38 8
Item_4326.xnb 4019 8184 16 8
Item_4361.xnb 4915 8180 16 10
Item_4362.xnb 4931 8180 16 10
Item_4363.xnb 6703 8180 14 10
Item_4614.xnb 8035 6392 14 102
Item_4704.xnb 6773 4328 22 12
Item_4769.xnb 7023 4328 24 10
Item_4771.xnb 7047 4328 24 10
Item_4773.xnb 7071 4328 24 10
Item_4775.xnb 4947 8180 16 10
Item_4915.xnb 5347 8180 12 12
Item_5071.xnb 4049 8184 14 8
Item_5132.xnb 7201 4328 22 10
Item_529.xnb 3384 6521 24 8
Item_5350.xnb 7095 4328 20 12
Item_541.xnb 3408 6521 24 8
Item_542.xnb 3432 6521 24 8
Item_543.xnb 3456 6521 24 8
Item_546.xnb 5359 8180 12 12
Item_71.xnb 5371 8180 12 12
Item_715.xnb 7115 4328 20 12
Item_852.xnb 3480 6521 24 8
Item_853.xnb 3504 6521 24 8
Item_867.xnb 7223 4328 22 10
Item_934.xnb 7400 2034 40 14
Item_968.xnb 6293 4328 32 10
Item_97.xnb 5383 8180 12 12
Item_Stack_3 8049 6380 128 116
Liquid_0.xnb 7476 3230 306 16
MP_Fill.xnb 5395 8180 12 12
MagicPixel.xnb 3600 6529 1 1000
NPC_127.xnb 8049 4340 140 940
NPC_141.xnb 3540 8083 60 108
NPC_176.xnb 6096 3140 48 94
NPC_179.xnb 6076 1718 68 330
NPC_233.xnb 4044 1900 44 144
NPC_262.xnb 3460 4789 116 1232
NPC_322.xnb 3576 4789 32 896
NPC_345.xnb 7917 6500 250 1260
NPC_356.xnb 8167 6500 24 576
NPC_496.xnb 8151 7760 40 360
NPC_564.xnb 7449 5420 600 972
NPC_576.xnb 2048 4789 1162 1740
NPC_578.xnb 2000 7880 48 160
NPC_631.xnb 3540 6529 60 1554
OnePixel.xnb 2068 2044 2 2
Panel_Left.xnb 3601 6883 6 24
Projectile_100.xnb 3601 7019 2 60
Projectile_1008.xnb 3601 6727 8 20
Projectile_1009.xnb 3601 6747 8 20
Projectile_1010.xnb 3601 6767 8 20
Projectile_1011.xnb 3601 6787 8 20
Projectile_104.xnb 3607 6643 2 20
Projectile_110.xnb 3607 6675 2 20
Projectile_14.xnb 3607 6883 2 20
Projectile_158.xnb 3601 7235 6 16
Projectile_159.xnb 3601 7251 6 16
Projectile_160.xnb 3601 7267 6 16
Projectile_161.xnb 3601 7283 6 16
Projectile_163.xnb 3601 6807 8 20
Projectile_177.xnb 3600 7529 8 8
Projectile_178.xnb 3600 7537 8 8
Projectile_180.xnb 3605 7411 2 20
Projectile_20.xnb 4094 1948 2 42
Projectile_207.xnb 3607 7411 2 20
Projectile_22.xnb 5407 8180 12 12
Projectile_239.xnb 3606 6005 2 40
Projectile_242.xnb 2044 8042 2 136
Projectile_245.xnb 1998 8156 2 30
Projectile_255.xnb 3600 7545 8 8
Projectile_257.xnb 3606 5685 2 120
Projectile_259.xnb 4088 1900 8 48
Projectile_260.xnb 3600 7553 8 8
Projectile_264.xnb 3601 7371 2 40
Projectile_268.xnb 8167 7076 24 464
Projectile_279.xnb 3605 7431 2 20
Projectile_283.xnb 3603 7371 2 40
Projectile_284.xnb 3605 7371 2 40
Projectile_285.xnb 3607 7371 2 40
Projectile_286.xnb 3601 7411 2 40
Projectile_287.xnb 3603 7411 2 40
Projectile_289.xnb 3600 7561 8 8
Projectile_290.xnb 2070 2044 1 1
Projectile_291.xnb 2070 2045 1 1
Projectile_292.xnb 2070 2046 1 1
Projectile_293.xnb 2070 2047 1 1
Projectile_294.xnb 2071 2044 1 1
Projectile_295.xnb 2071 2045 1 1
Projectile_296.xnb 2071 2046 1 1
Projectile_297.xnb 2071 2047 1 1
Projectile_298.xnb 2072 2044 1 1
Projectile_299.xnb 2072 2045 1 1
Projectile_302.xnb 2046 8042 2 136
Projectile_305.xnb 2072 2046 1 1
Projectile_309.xnb 2072 2047 1 1
Projectile_310.xnb 3601 6827 8 20
Projectile_311.xnb 6977 8180 10 12
Projectile_328.xnb 3601 7475 6 12
Projectile_336.xnb 3601 6611 6 32
Projectile_345.xnb 3601 6643 6 32
Projectile_347.xnb 3601 6675 6 32
Projectile_356.xnb 2073 2044 1 1
Projectile_357.xnb 2073 2045 1 1
Projectile_358.xnb 2073 2046 1 1
Projectile_36.xnb 3574 6021 2 28
Projectile_389.xnb 4094 1994 2 42
Projectile_402.xnb 3601 7487 6 12
Projectile_406.xnb 2073 2047 1 1
Projectile_419.xnb 3600 7569 8 8
Projectile_420.xnb 3600 7577 8 8
Projectile_421.xnb 3600 7585 8 8
Projectile_422.xnb 3600 7593 8 8
Projectile_433.xnb 3600 7601 8 8
Projectile_434.xnb 3600 7609 8 8
Projectile_438.xnb 4088 1948 6 46
Projectile_440.xnb 3600 7755 6 10
Projectile_441.xnb 2074 2044 1 1
Projectile_449.xnb 3600 7765 6 10
Projectile_453.xnb 7147 8180 10 10
Projectile_472.xnb 3601 7299 8 12
Projectile_476.xnb 7157 8180 10 10
Projectile_498.xnb 3601 7327 6 14
Projectile_50.xnb 2620 2042 22 6
Projectile_51.xnb 3600 7617 8 8
Projectile_515.xnb 2642 2042 22 6
Projectile_526.xnb 7167 8180 10 10
Projectile_53.xnb 2664 2042 22 6
Projectile_556.xnb 7177 8180 10 10
Projectile_557.xnb 7187 8180 10 10
Projectile_558.xnb 7197 8180 10 10
Projectile_559.xnb 7207 8180 10 10
Projectile_560.xnb 7217 8180 10 10
Projectile_561.xnb 7227 8180 10 10
Projectile_576.xnb 6072 1990 2 42
Projectile_577.xnb 6074 1990 2 42
Projectile_592.xnb 4088 1994 6 46
Projectile_606.xnb 3600 7775 6 10
Projectile_638.xnb 3606 5805 2 120
Projectile_640.xnb 7546 1980 6 46
Projectile_665.xnb 7353 7580 96 594
Projectile_721.xnb 3600 7625 8 8
Projectile_739.xnb 3600 7633 8 8
Projectile_740.xnb 3600 7641 8 8
Projectile_741.xnb 3600 7649 8 8
Projectile_742.xnb 3600 7657 8 8
Projectile_743.xnb 3600 7665 8 8
Projectile_744.xnb 3600 7673 8 8
Projectile_745.xnb 3600 7681 8 8
Projectile_746.xnb 3600 7689 8 8
Projectile_747.xnb 3600 7697 8 8
Projectile_748.xnb 3600 7705 8 8
Projectile_749.xnb 3600 7713 8 8
Projectile_750.xnb 3600 7721 8 8
Projectile_751.xnb 3600 7729 8 8
Projectile_752.xnb 3600 7737 8 8
Projectile_764.xnb 2728 2042 10 6
Projectile_766.xnb 7917 8120 272 68
Projectile_828.xnb 8064 2004 116 44
Projectile_83.xnb 3603 7019 2 60
Projectile_831.xnb 8180 3140 12 72
Projectile_84.xnb 3607 7019 2 42
Projectile_848.xnb 8177 5280 14 140
Projectile_849.xnb 2000 8042 44 140
Projectile_876.xnb 3606 5925 2 80
Projectile_88.xnb 3605 7019 2 60
Projectile_89.xnb 3607 6611 2 28
Projectile_90.xnb 2738 2042 6 6
Projectile_94.xnb 2744 2042 6 6
Projectile_981.xnb 3607 7431 2 20
Separator1.xnb 2056 2044 6 4
Separator2.xnb 2062 2044 6 4
Settings_Panel.xnb 3601 6529 8 30
Sky_Slime_2.xnb 8177 6380 14 120
Splash_0.xnb 3609 4340 1920 1080
Splash_1.xnb 5529 4340 1920 1080
Splash_10_0.xnb 3609 5420 1920 1080
Splash_10_2.xnb 3609 6500 1920 1080
Splash_1_0.xnb 5529 5420 1920 1080
Splash_1_2.xnb 5529 6500 1920 1080
Star_0.xnb 5419 8180 12 12
Star_1.xnb 6553 8180 12 12
Star_2.xnb 2750 2042 6 6
Star_3.xnb 2756 2042 6 6
Star_4.xnb 2068 2046 2 2
Tiles_101.xnb 2048 1900 1996 142
Tiles_104.xnb 4096 3140 2000 88
Tiles_105.xnb 4096 1718 1980 272
Tiles_137.xnb 8072 3140 108 108
Tiles_14.xnb 6144 3140 1928 74
Tiles_18.xnb 4096 3228 1584 20
Tiles_185.xnb 4096 1990 1908 54
Tiles_19.xnb 7705 3248 486 1086
Tiles_21.xnb 0 8042 2000 114
Tiles_239.xnb 5680 3228 414 18
Tiles_336.xnb 7917 7760 234 360
Tiles_337.xnb 6144 1980 1296 54
Tiles_5.xnb 6144 1716 1408 264
Tiles_548.xnb 7449 6392 486 108
Tiles_571.xnb 7116 3230 360 18
Tiles_590.xnb 3072 8149 432 38
Tiles_630.xnb 5433 8174 90 18
Tiles_631.xnb 7353 8174 90 18
Tiles_649.xnb 0 8156 1908 36
Tiles_650.xnb 6144 3214 1908 16
Tiles_91.xnb 0 7880 2000 162
Torso.xnb 3210 6049 362 472
UI_quickicon1.xnb 3601 7311 6 16
Underworld 1.xnb 2048 0 2048 1900
Underworld 13.xnb 4096 0 2048 1718
Underworld 6.xnb 6144 0 2048 1716
Underworld 7.xnb 0 2048 2048 1716
Underworld 8.xnb 0 3764 2048 1716
Wall_136.xnb 7449 6500 468 1440
Wall_144.xnb 3072 6529 468 1620
Wall_179.xnb 7449 7940 468 252
gemChain-2.xnb 6565 8180 12 12
logo_1.xnb 4633 7580 800 600
logo_2.xnb 6553 7580 800 600
