Armor_175.xnb 360 360 360 448
Armor_176.xnb 360 808 360 448
Armor_179.xnb 360 1256 360 448
Armor_190.xnb 360 1704 360 448
Armor_194.xnb 360 2152 360 448
Armor_205.xnb 360 2600 360 448
Armor_208.xnb 360 3048 360 448
Armor_227.xnb 360 3496 360 448
Armor_237.xnb 360 3944 360 448
Armor_238.xnb 360 4392 360 448
Armor_239.xnb 360 4840 360 448
BackPack_1.xnb 2818 8118 14 34
BackPack_2.xnb 3626 6870 14 32
BackPack_3.xnb 2818 8152 14 34
BackPack_5.xnb 3626 6292 14 34
BackPack_9.xnb 3626 6906 14 32
Background_130.xnb 530 8132 160 48
Background_131.xnb 3914 8134 160 48
Background_132.xnb 4074 8134 160 48
Background_133.xnb 4382 8134 160 48
Background_134.xnb 4542 8134 160 48
Background_135.xnb 4850 8134 160 48
Background_136.xnb 5010 8134 160 48
Background_137.xnb 5318 8134 160 48
Background_138.xnb 5478 8134 160 48
Background_139.xnb 5786 8134 160 48
Background_140.xnb 5946 8134 160 48
Background_141.xnb 6254 8134 160 48
Background_142.xnb 6414 8134 160 48
Background_143.xnb 6722 8134 160 48
Background_144.xnb 6882 8134 160 48
Background_145.xnb 7190 8134 160 48
Background_150.xnb 7350 8134 160 48
Background_151.xnb 7658 8134 160 48
Background_152.xnb 7818 8134 160 48
Background_295.xnb 2614 8022 192 96
Background_6.xnb 0 8144 128 48
Black_Tile.xnb 7346 3438 16 16
BoneSerpant.xnb 868 6424 22 208
CategoryPanelHighlight.xnb 324 6262 36 36
Chain11.xnb 7772 1520 34 24
Chain26.xnb 210 6208 24 16
Chain30.xnb 1216 5714 16 24
Chain35.xnb 214 4896 20 16
Chain5.xnb 3626 6938 16 28
Chains_1.xnb 3626 6966 16 28
ClothesStyleBack.xnb 7408 2206 473 133
Cloud_11.xnb 4234 8134 134 56
Cloud_14.xnb 7960 1470 214 72
Cloud_16.xnb 2614 8118 204 68
Cloud_18.xnb 1744 1544 530 218
Cloud_27.xnb 6574 8134 124 52
Cloud_3.xnb 3812 8138 88 52
Combat_Crit_10 7570 3038 512 200
Combat_Crit_12 1232 7464 512 224
Combat_Crit_13 5314 3254 512 188
Combat_Crit_14 4336 2206 512 176
Combat_Crit_15 6338 3254 512 184
Combat_Crit_16 7362 3254 512 180
Combat_Crit_17 6850 3254 512 184
Combat_Crit_19 6062 0 512 240
Combat_Crit_2 3266 3254 512 200
Combat_Crit_21 6106 8134 128 52
Combat_Crit_22 6574 0 512 240
Combat_Crit_24 2106 0 512 328
Combat_Crit_3 1232 7688 512 224
Combat_Crit_5 4848 2206 512 172
Combat_Crit_6 4290 3254 512 192
Combat_Crit_8 4802 3254 512 192
Combat_Text_0 8126 6462 64 52
Combat_Text_10 1744 7926 256 264
Combat_Text_100 5840 1060 512 228
Combat_Text_101 3280 360 512 232
Combat_Text_102 7598 0 512 236
Combat_Text_103 7086 0 512 240
Combat_Text_104 3792 360 512 232
Combat_Text_105 1232 360 512 236
Combat_Text_11 3542 3454 512 180
Combat_Text_14 7888 360 256 236
Combat_Text_20 5826 3254 512 188
Combat_Text_23 1744 360 512 236
Combat_Text_24 1232 7912 512 224
Combat_Text_25 4304 360 512 232
Combat_Text_26 4816 360 512 232
Combat_Text_27 6352 1060 512 228
Combat_Text_28 6864 1060 512 228
Combat_Text_29 1744 1762 512 224
Combat_Text_30 2256 1762 512 224
Combat_Text_31 7376 1060 512 228
Combat_Text_32 5912 1292 512 228
Combat_Text_33 6424 1292 512 228
Combat_Text_34 6936 1292 512 228
Combat_Text_35 5328 360 512 232
Combat_Text_36 5840 360 512 232
Combat_Text_37 6352 360 512 232
Combat_Text_38 7448 1292 512 228
Combat_Text_39 1232 1544 512 228
Combat_Text_4 3356 6092 128 184
Combat_Text_40 6864 360 512 232
Combat_Text_41 1232 1772 512 228
Combat_Text_42 7376 360 512 232
Combat_Text_43 1232 596 512 232
Combat_Text_44 1744 596 512 232
Combat_Text_45 2256 596 512 232
Combat_Text_46 2768 596 512 232
Combat_Text_47 3280 596 512 232
Combat_Text_48 1232 2000 512 228
Combat_Text_49 3792 596 512 232
Combat_Text_5 7888 596 256 232
Combat_Text_50 4304 596 512 232
Combat_Text_51 4816 596 512 232
Combat_Text_52 2256 360 512 236
Combat_Text_53 5328 596 512 232
Combat_Text_54 5550 0 512 244
Combat_Text_55 1232 2228 512 228
Combat_Text_56 1232 2456 512 228
Combat_Text_57 5840 596 512 232
Combat_Text_58 6352 596 512 232
Combat_Text_59 6864 596 512 232
Combat_Text_60 7376 596 512 232
Combat_Text_61 1232 2684 512 228
Combat_Text_62 1232 2912 512 228
Combat_Text_63 1232 828 512 232
Combat_Text_64 1744 828 512 232
Combat_Text_65 1232 3140 512 228
Combat_Text_66 1232 3368 512 228
Combat_Text_67 2256 828 512 232
Combat_Text_68 2768 828 512 232
Combat_Text_69 3280 828 512 232
Combat_Text_70 3792 828 512 232
Combat_Text_71 4304 828 512 232
Combat_Text_72 4816 828 512 232
Combat_Text_73 1232 3596 512 228
Combat_Text_74 5328 828 512 232
Combat_Text_75 1232 3824 512 228
Combat_Text_76 5840 828 512 232
Combat_Text_77 1232 4052 512 228
Combat_Text_78 1232 4280 512 228
Combat_Text_79 1232 4508 512 228
Combat_Text_80 1232 4736 512 228
Combat_Text_81 6352 828 512 232
Combat_Text_82 6864 828 512 232
Combat_Text_83 7376 828 512 232
Combat_Text_84 1232 1060 512 232
Combat_Text_85 1744 1060 512 232
Combat_Text_86 1232 4964 512 228
Combat_Text_87 2256 1060 512 232
Combat_Text_89 1232 5192 512 228
Combat_Text_9 5328 1762 512 220
Combat_Text_90 1232 5420 512 228
Combat_Text_91 2768 1060 512 232
Combat_Text_92 3280 1060 512 232
Combat_Text_93 2768 360 512 236
Combat_Text_94 3792 1060 512 232
Combat_Text_95 1232 5648 512 228
Combat_Text_96 4304 1060 512 232
Combat_Text_97 4816 1060 512 232
Combat_Text_98 1232 5876 512 228
Combat_Text_99 5328 1060 512 232
Confuse.xnb 3796 7636 16 24
Crimson_Cactus.xnb 4702 8134 126 54
Death_Text_105 2768 1762 512 224
Death_Text_3 4054 3454 512 180
Dog_Beagle.xnb 3642 5790 70 1064
Dog_Corgi.xnb 3642 6854 70 1064
Dog_Dalmation.xnb 3726 6658 70 1064
EOS1.xnb 8126 5974 60 144
Evil_Cactus.xnb 5170 8134 126 54
Extra_100.xnb 7618 8134 40 56
Extra_106.xnb 1108 1386 112 1112
Extra_139.xnb 7982 236 198 102
Extra_151.xnb 186 4896 28 16
Extra_16.xnb 7960 1292 230 178
Extra_162.xnb 0 3600 126 1312
Extra_163.xnb 0 4912 126 1312
Extra_168.xnb 3542 4546 70 1296
Extra_169.xnb 790 1728 94 1376
Extra_170.xnb 8126 3634 62 180
Extra_182.xnb 7720 1724 270 38
Extra_199.xnb 342 6748 16 72
Extra_2.xnb 342 6514 16 80
Extra_227.xnb 6784 2348 48 34
Extra_230.xnb 2940 4250 92 1176
Extra_238.xnb 1078 2916 30 184
Extra_246.xnb 8126 4714 60 162
Extra_249.xnb 3812 3634 102 832
Extra_25.xnb 8126 5254 56 168
Extra_250.xnb 322 7630 38 476
Extra_251.xnb 8126 4894 60 162
Extra_257.xnb 8162 338 30 22
Extra_31.xnb 3612 5824 30 18
Extra_38.xnb 8126 3814 66 168
Extra_40.xnb 8126 4354 56 176
Extra_45.xnb 0 7536 142 608
Extra_60.xnb 2476 8022 132 152
Extra_61.xnb 3712 6950 14 30
Extra_62.xnb 874 5498 18 36
Extra_68.xnb 874 5534 18 36
Extra_70.xnb 8126 7774 54 138
Extra_75.xnb 700 8090 20 42
Extra_80.xnb 700 7716 20 128
Extra_92.xnb 2902 7340 38 104
Flame_2.xnb 3266 3824 70 1404
Flame_4.xnb 720 360 70 2048
Flame_6.xnb 3692 8158 34 34
Gem_1.xnb 2578 328 40 32
Glow_0.xnb 7881 2206 38 128
Glow_124.xnb 8126 7558 54 36
Glow_129.xnb 1216 4006 16 32
Glow_134.xnb 340 8170 20 22
Glow_140.xnb 5846 2206 24 136
Glow_142.xnb 690 8132 30 60
Glow_154.xnb 3266 6284 76 1224
Glow_156.xnb 2476 7222 138 800
Glow_158.xnb 1700 7400 44 60
Glow_163.xnb 1572 6784 128 680
Glow_164.xnb 3418 6284 100 912
Glow_190.xnb 342 4196 18 80
Glow_195.xnb 868 5992 24 216
Glow_2.xnb 4828 8134 22 56
Glow_204.xnb 3894 8116 20 22
Glow_216.xnb 790 5992 78 1586
Glow_228.xnb 868 6840 22 180
Glow_23.xnb 2266 328 54 30
Glow_231.xnb 7470 240 116 120
Glow_235.xnb 504 8132 26 56
Glow_266.xnb 868 7200 22 168
Glow_284.xnb 790 3104 94 1376
Glow_290.xnb 342 7518 14 64
Glow_295.xnb 342 1972 18 234
Glow_30.xnb 7036 3236 22 18
Glow_313.xnb 1744 1986 288 396
Glow_314.xnb 1744 2382 288 396
Glow_326.xnb 1744 2778 288 396
Glow_333.xnb 324 4642 36 1620
Glow_342.xnb 7720 1544 468 180
Glow_343.xnb 5078 3454 468 180
Glow_344.xnb 5546 3454 468 180
Glow_345.xnb 6014 3454 468 180
Glow_346.xnb 6482 3454 468 180
Glow_347.xnb 6950 3454 468 180
Glow_53.xnb 2320 8154 144 38
Glow_61.xnb 5998 338 36 22
Glow_7.xnb 342 7092 18 56
Glow_75.xnb 7388 2348 20 34
Glow_78.xnb 8180 320 12 18
Glow_79.xnb 3626 6994 16 28
Glow_81.xnb 1216 4038 16 32
Glow_82.xnb 7806 1520 34 24
Glow_87.xnb 892 8174 32 18
Good_Cactus.xnb 5638 8134 126 54
Gore_1011.xnb 1090 8172 18 20
Gore_1018.xnb 3712 7902 14 16
Gore_1021.xnb 1208 8162 24 30
Gore_103.xnb 6558 330 16 30
Gore_1046.xnb 6918 1520 18 24
Gore_1048.xnb 7942 1520 18 24
Gore_1055.xnb 1078 3100 30 34
Gore_106.xnb 7382 2326 26 22
Gore_1065.xnb 1216 2930 14 40
Gore_1078.xnb 8126 5578 66 36
Gore_1095.xnb 6034 338 28 22
Gore_1102.xnb 7086 3438 20 16
Gore_1103.xnb 7106 3438 20 16
Gore_1114.xnb 6574 240 384 112
Gore_1115.xnb 7086 240 384 112
Gore_1116.xnb 7598 236 384 112
Gore_112.xnb 874 5570 18 36
Gore_1124.xnb 8180 6294 12 16
Gore_1154.xnb 6409 3438 22 16
Gore_1157.xnb 3796 7708 16 14
Gore_116.xnb 7050 1520 36 24
Gore_1164.xnb 6386 3438 23 16
Gore_1173.xnb 3494 1732 44 30
Gore_1182.xnb 606 7436 26 16
Gore_1199.xnb 6431 3438 22 16
Gore_1207.xnb 632 7436 26 16
Gore_1212.xnb 8174 7034 18 20
Gore_1214.xnb 8160 6310 32 24
Gore_1225.xnb 8166 2294 26 84
Gore_1227.xnb 1414 8176 24 16
Gore_1228.xnb 1438 8176 24 16
Gore_1229.xnb 1462 8176 24 16
Gore_1230.xnb 1486 8176 24 16
Gore_1231.xnb 1510 8176 24 16
Gore_1232.xnb 1534 8176 24 16
Gore_1233.xnb 1558 8176 24 16
Gore_1234.xnb 3796 7660 16 24
Gore_1236.xnb 3796 7684 16 24
Gore_1260.xnb 6038 1520 40 24
Gore_1265.xnb 874 5286 18 40
Gore_1273.xnb 2428 328 50 32
Gore_1274.xnb 8170 7184 22 50
Gore_1278.xnb 5550 244 448 112
Gore_1286.xnb 1216 3560 16 18
Gore_1307.xnb 2816 8004 16 18
Gore_1323.xnb 1726 8176 18 16
Gore_1338.xnb 8170 1724 22 38
Gore_134.xnb 874 5966 18 26
Gore_1344.xnb 8180 5934 12 22
Gore_135.xnb 8180 7886 12 24
Gore_1356.xnb 1216 7728 16 26
Gore_136.xnb 3900 8138 14 26
Gore_148.xnb 3626 7022 16 28
Gore_154.xnb 3032 5402 18 24
Gore_171.xnb 988 8174 12 18
Gore_177.xnb 8132 2782 58 38
Gore_178.xnb 6453 3438 22 16
Gore_180.xnb 8126 6118 58 36
Gore_195.xnb 1582 8176 24 16
Gore_200.xnb 1220 2478 12 20
Gore_201.xnb 6475 3438 22 16
Gore_207.xnb 6497 3438 22 16
Gore_226.xnb 7086 1520 36 24
Gore_23.xnb 3900 8164 14 26
Gore_26.xnb 7164 8134 26 56
Gore_270.xnb 7126 3438 20 16
Gore_304.xnb 924 8174 32 18
Gore_305.xnb 342 7582 18 44
Gore_315.xnb 6880 2348 16 30
Gore_319.xnb 6519 3438 22 16
Gore_332.xnb 6541 3438 22 16
Gore_333.xnb 7146 3438 20 16
Gore_353.xnb 1606 8176 24 16
Gore_366.xnb 680 6094 40 26
Gore_399.xnb 126 7412 98 122
Gore_408.xnb 874 5366 16 42
Gore_409.xnb 342 4604 18 38
Gore_410.xnb 874 5408 16 42
Gore_433.xnb 1630 8176 24 16
Gore_441.xnb 1654 8176 24 16
Gore_474.xnb 5998 244 60 94
Gore_485.xnb 7122 1520 36 24
Gore_527.xnb 2162 328 52 32
Gore_549.xnb 7166 3438 20 16
Gore_555.xnb 7186 3438 20 16
Gore_557.xnb 6563 3438 22 16
Gore_560.xnb 6585 3438 22 16
Gore_585.xnb 7840 1520 34 24
Gore_606.xnb 658 7436 26 16
Gore_615.xnb 5912 1520 42 24
Gore_68.xnb 5954 1520 42 24
Gore_680.xnb 2874 1742 12 20
Gore_689.xnb 8126 7375 58 38
Gore_70.xnb 6607 3438 22 16
Gore_720.xnb 3626 6326 14 34
Gore_774.xnb 1090 8108 18 32
Gore_775.xnb 874 5830 18 34
Gore_779.xnb 874 5864 18 34
Gore_781.xnb 3626 7050 16 28
Gore_797.xnb 8176 2268 16 26
Gore_801.xnb 7874 1520 34 24
Gore_803.xnb 7158 1520 36 24
Gore_806.xnb 684 7436 26 16
Gore_807.xnb 956 8174 32 18
Gore_849.xnb 6629 3438 22 16
Gore_853.xnb 8126 6642 64 52
Gore_856.xnb 8126 7912 56 42
Gore_885.xnb 126 6208 28 16
Gore_887.xnb 1678 8176 24 16
Gore_897.xnb 1702 8176 24 16
Gore_902.xnb 3726 8162 42 30
Gore_916.xnb 6062 240 448 112
Gore_943.xnb 342 1672 18 300
Gore_968.xnb 3796 6770 16 26
Gore_985.xnb 7206 3438 20 16
Gore_991.xnb 1216 2970 14 40
Gore_999.xnb 6651 3438 22 16
HairStyleBack.xnb 6524 3038 534 198
Head.xnb 3266 3454 276 370
HellBat2.xnb 2000 7926 32 260
Infinite_Tabs_A.xnb 536 5990 168 104
Item_1137.xnb 1090 8140 18 32
Item_1138.xnb 8174 1470 18 32
Item_1139.xnb 8174 1502 18 32
Item_1140.xnb 3032 4250 18 32
Item_1141.xnb 2476 8174 32 18
Item_1143.xnb 1090 7534 16 38
Item_1153.xnb 868 7536 24 40
Item_1155.xnb 1108 8162 52 30
Item_1180.xnb 2754 1742 30 20
Item_119.xnb 3032 4282 18 32
Item_120.xnb 874 5606 18 36
Item_1203.xnb 586 6094 48 26
Item_1213.xnb 2784 1742 30 20
Item_1221.xnb 6832 2348 48 34
Item_1231.xnb 2106 328 56 30
Item_1235.xnb 874 5898 18 34
Item_1243.xnb 2814 1742 30 20
Item_1249.xnb 3032 4314 18 32
Item_1258.xnb 634 6094 46 26
Item_127.xnb 7194 1520 36 24
Item_1275.xnb 7570 3238 24 16
Item_1277.xnb 7594 3238 24 16
Item_1279.xnb 2844 1742 30 20
Item_1295.xnb 7230 1520 36 24
Item_1297.xnb 8132 2562 60 40
Item_1319.xnb 536 6094 50 26
Item_1334.xnb 1216 3816 14 38
Item_1341.xnb 1216 3854 14 38
Item_136.xnb 1216 3050 16 34
Item_1386.xnb 7618 3238 24 16
Item_1387.xnb 1232 8176 26 16
Item_1390.xnb 8176 2058 16 30
Item_1391.xnb 1216 4070 16 32
Item_1392.xnb 1216 4102 16 32
Item_1393.xnb 1216 4134 16 32
Item_1394.xnb 1216 4166 16 32
Item_1395.xnb 1216 4198 16 32
Item_1396.xnb 1090 7572 16 38
Item_1398.xnb 2508 8174 32 18
Item_1399.xnb 1090 7610 16 38
Item_1401.xnb 2540 8174 32 18
Item_1402.xnb 1090 7648 16 38
Item_1404.xnb 2572 8174 32 18
Item_1411.xnb 3032 4346 18 32
Item_1412.xnb 3032 4378 18 32
Item_1413.xnb 3032 4410 18 32
Item_1421.xnb 5360 2348 50 34
Item_1422.xnb 5410 2348 50 34
Item_1423.xnb 5460 2348 50 34
Item_1433.xnb 5510 2348 50 34
Item_1434.xnb 5560 2348 50 34
Item_1435.xnb 5610 2348 50 34
Item_1458.xnb 3032 4442 18 32
Item_1459.xnb 1216 4230 16 32
Item_1461.xnb 2752 8004 32 18
Item_1471.xnb 6118 1520 38 24
Item_1472.xnb 7266 1520 36 24
Item_1479.xnb 7362 3434 30 20
Item_1480.xnb 7392 3434 30 20
Item_1500.xnb 5660 2348 50 34
Item_1501.xnb 5710 2348 50 34
Item_1502.xnb 5760 2348 50 34
Item_1507.xnb 8126 7718 62 56
Item_1509.xnb 1216 4262 16 32
Item_1511.xnb 2784 8004 32 18
Item_1516.xnb 3626 6360 14 34
Item_1517.xnb 3626 6394 14 34
Item_1519.xnb 3626 6428 14 34
Item_1520.xnb 7422 3434 30 20
Item_1533.xnb 3626 7078 16 28
Item_1535.xnb 8176 2088 16 30
Item_1536.xnb 3626 7106 16 28
Item_1541.xnb 7452 3434 30 20
Item_1542.xnb 7482 3434 30 20
Item_1549.xnb 7908 1520 34 24
Item_1558.xnb 8126 6310 34 24
Item_1573.xnb 2478 328 50 32
Item_1587.xnb 7512 3434 30 20
Item_159.xnb 3032 4474 18 32
Item_1597.xnb 7542 3434 30 20
Item_1599.xnb 6524 3236 32 18
Item_1600.xnb 7572 3434 30 20
Item_1608.xnb 6556 3236 32 18
Item_1634.xnb 7586 240 12 28
Item_1635.xnb 7586 268 12 28
Item_1636.xnb 3626 7134 14 32
Item_1637.xnb 7586 296 12 28
Item_1638.xnb 7586 324 12 28
Item_1639.xnb 8180 236 12 28
Item_164.xnb 3768 8162 42 30
Item_1640.xnb 8180 264 12 28
Item_1641.xnb 8180 292 12 28
Item_1642.xnb 707 5288 12 28
Item_1643.xnb 707 5316 12 28
Item_1644.xnb 707 5344 12 28
Item_1645.xnb 707 5372 12 28
Item_1646.xnb 707 5400 12 28
Item_1647.xnb 707 5428 12 28
Item_1648.xnb 707 5456 12 28
Item_1649.xnb 707 5484 12 28
Item_1650.xnb 707 5512 12 28
Item_1651.xnb 707 5540 12 28
Item_1652.xnb 707 5568 12 28
Item_1653.xnb 707 5596 12 28
Item_1654.xnb 707 5624 12 28
Item_1655.xnb 707 5652 12 28
Item_1656.xnb 707 5680 12 28
Item_1657.xnb 707 5708 12 28
Item_1658.xnb 707 5736 12 28
Item_1659.xnb 707 5764 12 28
Item_1660.xnb 707 5792 12 28
Item_1661.xnb 707 5820 12 28
Item_1662.xnb 707 5848 12 28
Item_1663.xnb 707 5876 12 28
Item_1664.xnb 707 5904 12 28
Item_1665.xnb 707 5932 12 28
Item_1666.xnb 707 5960 12 28
Item_1667.xnb 1220 1386 12 28
Item_1668.xnb 1220 1414 12 28
Item_1669.xnb 1220 1442 12 28
Item_1670.xnb 1220 1470 12 28
Item_1671.xnb 1220 1498 12 28
Item_1672.xnb 1220 1526 12 28
Item_1673.xnb 1220 1554 12 28
Item_1674.xnb 1220 1582 12 28
Item_1675.xnb 1220 1610 12 28
Item_1676.xnb 1220 1638 12 28
Item_1677.xnb 1220 1666 12 28
Item_1678.xnb 1220 1694 12 28
Item_1679.xnb 1220 1722 12 28
Item_1680.xnb 1220 1750 12 28
Item_1681.xnb 1220 1778 12 28
Item_1682.xnb 1220 1806 12 28
Item_1683.xnb 1220 1834 12 28
Item_1684.xnb 1220 1862 12 28
Item_1685.xnb 1220 1890 12 28
Item_1686.xnb 1220 1918 12 28
Item_1687.xnb 1220 1946 12 28
Item_1688.xnb 1220 1974 12 28
Item_1689.xnb 1220 2002 12 28
Item_1690.xnb 1220 2030 12 28
Item_1691.xnb 1220 2058 12 28
Item_1692.xnb 1220 2086 12 28
Item_1693.xnb 1220 2114 12 28
Item_1694.xnb 1220 2142 12 28
Item_1695.xnb 1220 2170 12 28
Item_1696.xnb 1220 2198 12 28
Item_1697.xnb 1220 2226 12 28
Item_1698.xnb 1220 2254 12 28
Item_1699.xnb 1220 2282 12 28
Item_1700.xnb 1220 2310 12 28
Item_1701.xnb 1220 2338 12 28
Item_1703.xnb 1216 4294 16 32
Item_1704.xnb 1090 7686 16 38
Item_1705.xnb 3796 6796 16 26
Item_1707.xnb 1216 4326 16 32
Item_1708.xnb 1216 4358 16 32
Item_1710.xnb 3032 4506 18 32
Item_1711.xnb 3032 4538 18 32
Item_1712.xnb 3032 4570 18 32
Item_1732.xnb 7602 3434 30 20
Item_1744.xnb 7632 3434 30 20
Item_1767.xnb 7226 3438 20 16
Item_1768.xnb 7662 3434 30 20
Item_1770.xnb 7692 3434 30 20
Item_1782.xnb 5996 1520 42 24
Item_1784.xnb 6896 2348 48 34
Item_1792.xnb 1216 4390 16 32
Item_1795.xnb 6588 3236 32 18
Item_1796.xnb 7642 3238 24 16
Item_1808.xnb 8176 2118 16 30
Item_1814.xnb 1216 4422 16 32
Item_1815.xnb 3032 4602 18 32
Item_1817.xnb 6620 3236 32 18
Item_1847.xnb 2528 328 50 32
Item_1848.xnb 7088 2348 50 32
Item_1849.xnb 7138 2348 50 32
Item_1850.xnb 7188 2348 50 32
Item_1851.xnb 7722 3434 30 20
Item_1853.xnb 7752 3434 30 20
Item_1859.xnb 3796 6822 16 26
Item_1924.xnb 3032 4634 18 32
Item_1925.xnb 1216 4454 16 32
Item_1929.xnb 2214 328 52 32
Item_1933.xnb 7782 3434 30 20
Item_1936.xnb 7812 3434 30 20
Item_1939.xnb 7842 3434 30 20
Item_1977.xnb 3032 4666 18 32
Item_1978.xnb 3032 4698 18 32
Item_1979.xnb 3032 4730 18 32
Item_1980.xnb 3032 4762 18 32
Item_1981.xnb 3032 4794 18 32
Item_1982.xnb 3032 4826 18 32
Item_1983.xnb 3032 4858 18 32
Item_1985.xnb 3032 4890 18 32
Item_1986.xnb 3032 4922 18 32
Item_1987.xnb 7246 3438 20 16
Item_1989.xnb 3032 4954 18 32
Item_1990.xnb 3032 4986 18 32
Item_2016.xnb 6673 3438 22 16
Item_2032.xnb 1216 4486 16 32
Item_2033.xnb 1216 4518 16 32
Item_2034.xnb 1216 4550 16 32
Item_2035.xnb 8176 2148 16 30
Item_2036.xnb 3626 6462 14 34
Item_2037.xnb 1216 4582 16 32
Item_2038.xnb 1216 4614 16 32
Item_2039.xnb 1216 4658 16 32
Item_2040.xnb 1216 4690 16 32
Item_2041.xnb 1216 4722 16 32
Item_2042.xnb 1216 4754 16 32
Item_2043.xnb 1216 4786 16 32
Item_2044.xnb 3032 5018 18 32
Item_2082.xnb 3626 7166 14 32
Item_2084.xnb 1220 2366 12 28
Item_2089.xnb 3712 7370 14 28
Item_2129.xnb 1220 2394 12 28
Item_2133.xnb 3712 6980 14 30
Item_2134.xnb 3712 7398 14 28
Item_2145.xnb 1216 4818 16 32
Item_2146.xnb 8176 2178 16 30
Item_2147.xnb 1216 4850 16 32
Item_2148.xnb 1216 4882 16 32
Item_2225.xnb 3712 7426 14 28
Item_2226.xnb 3712 7010 14 30
Item_2237.xnb 1090 7724 16 38
Item_2238.xnb 3712 7454 14 28
Item_2241.xnb 3032 5050 18 32
Item_2242.xnb 1258 8176 26 16
Item_2251.xnb 6652 3236 32 18
Item_2252.xnb 6684 3236 32 18
Item_2253.xnb 6716 3236 32 18
Item_2266.xnb 342 3084 18 96
Item_2272.xnb 3538 1732 44 30
Item_2288.xnb 1216 3084 16 34
Item_2344.xnb 8176 2208 16 30
Item_239.xnb 7266 3438 20 16
Item_2397.xnb 6156 1520 38 24
Item_2399.xnb 6194 1520 38 24
Item_2400.xnb 6232 1520 38 24
Item_2401.xnb 6270 1520 38 24
Item_2402.xnb 6308 1520 38 24
Item_2403.xnb 6346 1520 38 24
Item_2404.xnb 6384 1520 38 24
Item_2405.xnb 6424 1520 38 24
Item_2406.xnb 6462 1520 38 24
Item_2407.xnb 6500 1520 38 24
Item_2408.xnb 6538 1520 38 24
Item_2409.xnb 6576 1520 38 24
Item_2411.xnb 6614 1520 38 24
Item_2412.xnb 6652 1520 38 24
Item_2413.xnb 6690 1520 38 24
Item_2414.xnb 6728 1520 38 24
Item_2415.xnb 6766 1520 38 24
Item_2416.xnb 6804 1520 38 24
Item_242.xnb 154 6208 28 16
Item_2497.xnb 7238 2348 50 32
Item_25.xnb 3032 5082 18 32
Item_2515.xnb 1216 4914 16 32
Item_2528.xnb 3032 5114 18 32
Item_2530.xnb 3626 7198 16 28
Item_2533.xnb 3626 6496 14 34
Item_2534.xnb 6748 3236 32 18
Item_2546.xnb 1216 4946 16 32
Item_2547.xnb 3626 7226 14 32
Item_2557.xnb 1216 3118 16 34
Item_2560.xnb 3626 6530 14 34
Item_2564.xnb 1216 4978 16 32
Item_2572.xnb 1216 3152 16 34
Item_2578.xnb 1216 3186 16 34
Item_2579.xnb 1216 5010 16 32
Item_2594.xnb 8176 2238 16 30
Item_2603.xnb 1216 3220 16 34
Item_2607.xnb 3712 7040 14 30
Item_2627.xnb 7666 3238 24 16
Item_2630.xnb 7690 3238 24 16
Item_2631.xnb 6780 3236 32 18
Item_2632.xnb 6812 3236 32 18
Item_2633.xnb 6844 3236 32 18
Item_2635.xnb 6842 1520 38 24
Item_2641.xnb 3626 7258 16 28
Item_2642.xnb 3626 7286 16 28
Item_2644.xnb 3712 7070 14 30
Item_265.xnb 3626 7314 14 32
Item_267.xnb 3626 7346 16 28
Item_2738.xnb 1216 5042 16 32
Item_2747.xnb 1216 5074 16 32
Item_2758.xnb 7982 338 36 22
Item_2779.xnb 2320 328 54 30
Item_2784.xnb 2374 328 54 30
Item_2812.xnb 3626 7374 16 28
Item_2820.xnb 1216 5106 16 32
Item_2826.xnb 6876 3236 32 18
Item_284.xnb 3032 5146 18 32
Item_2865.xnb 7288 2348 50 32
Item_2866.xnb 7338 2348 50 32
Item_2867.xnb 3642 8158 50 32
Item_2889.xnb 6695 3438 22 16
Item_2897.xnb 1220 2422 12 28
Item_2898.xnb 1220 2450 12 28
Item_2899.xnb 5860 2348 12 28
Item_2900.xnb 6372 2348 12 28
Item_2901.xnb 2464 8154 12 28
Item_2902.xnb 3902 4466 12 28
Item_2903.xnb 3902 4494 12 28
Item_2904.xnb 3902 4522 12 28
Item_2905.xnb 3902 4550 12 28
Item_2906.xnb 3902 4578 12 28
Item_2907.xnb 3902 4606 12 28
Item_2908.xnb 3902 4634 12 28
Item_2909.xnb 3902 4662 12 28
Item_2910.xnb 3902 4690 12 28
Item_2911.xnb 3902 4718 12 28
Item_2912.xnb 3902 4746 12 28
Item_2913.xnb 3902 4774 12 28
Item_2914.xnb 3902 4802 12 28
Item_2915.xnb 3902 4830 12 28
Item_2916.xnb 3902 4858 12 28
Item_2917.xnb 3902 4886 12 28
Item_2918.xnb 3902 4914 12 28
Item_2919.xnb 3902 4942 12 28
Item_2920.xnb 3902 4970 12 28
Item_2921.xnb 3902 4998 12 28
Item_2922.xnb 3902 5026 12 28
Item_2923.xnb 3902 5054 12 28
Item_2924.xnb 3902 5082 12 28
Item_2925.xnb 3902 5110 12 28
Item_2926.xnb 3902 5138 12 28
Item_2927.xnb 3902 5166 12 28
Item_2928.xnb 3902 5194 12 28
Item_2929.xnb 3902 5222 12 28
Item_2930.xnb 3902 5250 12 28
Item_2931.xnb 3902 5278 12 28
Item_2932.xnb 3902 5306 12 28
Item_2933.xnb 3902 5334 12 28
Item_2934.xnb 3902 5362 12 28
Item_2935.xnb 3902 5390 12 28
Item_2936.xnb 3902 5418 12 28
Item_2937.xnb 3902 5446 12 28
Item_2938.xnb 3902 5474 12 28
Item_2939.xnb 3902 5502 12 28
Item_2940.xnb 3902 5530 12 28
Item_2941.xnb 3902 5558 12 28
Item_2942.xnb 3902 5586 12 28
Item_2943.xnb 3902 5614 12 28
Item_2944.xnb 3902 5642 12 28
Item_2945.xnb 3902 5670 12 28
Item_2946.xnb 3902 5698 12 28
Item_2947.xnb 3902 5726 12 28
Item_2948.xnb 3902 5754 12 28
Item_2949.xnb 3902 5782 12 28
Item_2950.xnb 3902 5810 12 28
Item_2951.xnb 3902 5838 12 28
Item_2952.xnb 3902 5866 12 28
Item_2953.xnb 3902 5894 12 28
Item_2954.xnb 3902 5922 12 28
Item_2955.xnb 3902 5950 12 28
Item_2956.xnb 3902 5978 12 28
Item_2957.xnb 3902 6006 12 28
Item_2958.xnb 3902 6034 12 28
Item_2959.xnb 3902 6062 12 28
Item_2960.xnb 3902 6090 12 28
Item_2961.xnb 3902 6118 12 28
Item_2962.xnb 3902 6146 12 28
Item_2963.xnb 3902 6174 12 28
Item_2964.xnb 3902 6202 12 28
Item_2965.xnb 3902 6230 12 28
Item_2966.xnb 3902 6258 12 28
Item_2967.xnb 3902 6286 12 28
Item_2968.xnb 3902 6314 12 28
Item_2969.xnb 3902 6342 12 28
Item_2970.xnb 3902 6370 12 28
Item_2971.xnb 3902 6398 12 28
Item_2972.xnb 3902 6426 12 28
Item_2973.xnb 3902 6454 12 28
Item_2974.xnb 3902 6482 12 28
Item_2975.xnb 3902 6510 12 28
Item_2976.xnb 3902 6538 12 28
Item_2977.xnb 3902 6566 12 28
Item_2978.xnb 3902 6594 12 28
Item_2979.xnb 3902 6622 12 28
Item_2980.xnb 3902 6650 12 28
Item_2981.xnb 3902 6678 12 28
Item_2982.xnb 3902 6706 12 28
Item_2983.xnb 3902 6734 12 28
Item_2984.xnb 3902 6762 12 28
Item_2985.xnb 3902 6790 12 28
Item_2986.xnb 3902 6818 12 28
Item_2987.xnb 3902 6846 12 28
Item_2988.xnb 3902 6874 12 28
Item_2989.xnb 3902 6902 12 28
Item_2990.xnb 3902 6930 12 28
Item_2991.xnb 3902 6958 12 28
Item_2992.xnb 3902 6986 12 28
Item_2993.xnb 3902 7014 12 28
Item_2994.xnb 3902 7042 12 28
Item_3003.xnb 1216 7656 14 36
Item_3009.xnb 3712 7482 14 28
Item_3010.xnb 3712 7510 14 28
Item_3011.xnb 3712 7100 14 30
Item_3046.xnb 6908 3236 32 18
Item_3047.xnb 6940 3236 32 18
Item_3048.xnb 6972 3236 32 18
Item_3049.xnb 7004 3236 32 18
Item_3050.xnb 8126 4876 32 18
Item_3054.xnb 3712 7130 14 30
Item_3077.xnb 1216 5138 16 32
Item_3078.xnb 1216 5170 16 32
Item_3129.xnb 3032 5178 18 32
Item_3135.xnb 3626 6564 14 34
Item_3136.xnb 3626 5842 16 30
Item_3137.xnb 1216 3254 16 34
Item_3138.xnb 3626 7402 14 32
Item_3139.xnb 1216 5202 16 32
Item_3140.xnb 1216 5234 16 32
Item_3145.xnb 7714 3238 24 16
Item_3156.xnb 8158 4876 32 18
Item_3157.xnb 8126 5056 32 18
Item_3158.xnb 8158 5056 32 18
Item_3174.xnb 1216 5266 16 32
Item_3176.xnb 1216 3288 16 34
Item_319.xnb 6717 3438 22 16
Item_3192.xnb 7286 3438 20 16
Item_3193.xnb 7306 3438 20 16
Item_3194.xnb 7326 3438 20 16
Item_3242.xnb 7738 3238 24 16
Item_3248.xnb 6739 3438 22 16
Item_3253.xnb 1216 5298 16 32
Item_334.xnb 7302 1520 36 24
Item_337.xnb 3902 7070 12 28
Item_3379.xnb 4368 8134 14 26
Item_338.xnb 3902 7098 12 28
Item_3382.xnb 6880 1520 38 24
Item_339.xnb 3902 7126 12 28
Item_3390.xnb 3902 7154 12 28
Item_3394.xnb 3902 7182 12 28
Item_3395.xnb 3902 7210 12 28
Item_3396.xnb 8180 5074 12 28
Item_3397.xnb 8180 5102 12 28
Item_3398.xnb 8180 5130 12 28
Item_3399.xnb 8180 5158 12 28
Item_34.xnb 1216 5330 16 32
Item_340.xnb 8180 5186 12 28
Item_3400.xnb 8180 5214 12 28
Item_3401.xnb 8180 5614 12 28
Item_3402.xnb 8180 5642 12 28
Item_3403.xnb 8180 5670 12 28
Item_3404.xnb 8180 5698 12 28
Item_3405.xnb 8180 5726 12 28
Item_3406.xnb 8180 5754 12 28
Item_3407.xnb 8180 5794 12 28
Item_3408.xnb 8180 5822 12 28
Item_3409.xnb 8180 5850 12 28
Item_341.xnb 8180 5878 12 28
Item_3410.xnb 8180 5906 12 28
Item_3411.xnb 8180 6154 12 28
Item_3412.xnb 8180 6182 12 28
Item_3413.xnb 8180 6210 12 28
Item_3414.xnb 8180 6238 12 28
Item_3415.xnb 8180 6266 12 28
Item_3416.xnb 8180 7414 12 28
Item_3417.xnb 8180 7442 12 28
Item_3418.xnb 8180 7470 12 28
Item_3419.xnb 8180 7498 12 28
Item_3420.xnb 8180 7526 12 28
Item_3421.xnb 8180 7558 12 28
Item_3422.xnb 8180 7774 12 28
Item_3423.xnb 8180 7802 12 28
Item_3424.xnb 8180 7830 12 28
Item_3425.xnb 8180 7858 12 28
Item_3453.xnb 342 2972 18 112
Item_3454.xnb 342 3184 18 112
Item_3455.xnb 342 3296 18 112
Item_3480.xnb 1216 5362 16 32
Item_3486.xnb 1216 5394 16 32
Item_3492.xnb 1216 5426 16 32
Item_3498.xnb 1216 5458 16 32
Item_3504.xnb 1216 5490 16 32
Item_3510.xnb 1216 5522 16 32
Item_3516.xnb 1216 5554 16 32
Item_3568.xnb 3626 6598 14 34
Item_358.xnb 3626 7434 16 28
Item_359.xnb 3626 7462 16 28
Item_36.xnb 8126 5956 32 18
Item_3722.xnb 8158 5956 32 18
Item_3739.xnb 1216 5586 16 32
Item_3740.xnb 1216 5618 16 32
Item_3741.xnb 1216 5650 16 32
Item_3743.xnb 3626 7490 14 32
Item_3744.xnb 3626 7522 14 32
Item_3745.xnb 3626 7554 14 32
Item_3784.xnb 182 6208 28 16
Item_3849.xnb 3418 7492 20 16
Item_3888.xnb 3032 5210 18 32
Item_3889.xnb 1216 5682 16 32
Item_3891.xnb 1216 6728 16 32
Item_3892.xnb 3626 7586 14 32
Item_3895.xnb 2274 1742 32 20
Item_3898.xnb 3032 5242 18 32
Item_39.xnb 1216 6760 16 32
Item_3900.xnb 1216 6792 16 32
Item_3901.xnb 1216 6824 16 32
Item_3902.xnb 1216 6856 16 32
Item_3904.xnb 7762 3238 24 16
Item_3905.xnb 7786 3238 24 16
Item_3906.xnb 7810 3238 24 16
Item_3907.xnb 7834 3238 24 16
Item_3908.xnb 7858 3238 24 16
Item_3918.xnb 2306 1742 32 20
Item_3929.xnb 3032 5274 18 32
Item_3934.xnb 8018 338 36 22
Item_3937.xnb 1216 6888 16 32
Item_3941.xnb 3032 5306 18 32
Item_3943.xnb 1216 6920 16 32
Item_3957.xnb 7882 3238 24 16
Item_3963.xnb 1216 3322 16 34
Item_3966.xnb 1216 3356 16 34
Item_3970.xnb 1216 6952 16 32
Item_40.xnb 3626 7618 14 32
Item_4058.xnb 6698 8134 24 56
Item_4077.xnb 2338 1742 32 20
Item_4083.xnb 3626 6632 14 34
Item_4084.xnb 3626 6666 14 34
Item_4085.xnb 3626 6700 14 34
Item_4086.xnb 3626 6734 14 34
Item_4087.xnb 3626 6768 14 34
Item_4088.xnb 3626 6802 14 34
Item_4096.xnb 3796 6848 16 26
Item_4097.xnb 3796 6874 16 26
Item_4098.xnb 3796 6900 16 26
Item_41.xnb 3626 7650 14 32
Item_4100.xnb 3796 6926 16 26
Item_4101.xnb 3626 7682 16 28
Item_4102.xnb 3626 7710 16 28
Item_4103.xnb 3796 6952 16 26
Item_4104.xnb 3796 6978 16 26
Item_4107.xnb 3796 7004 16 26
Item_4108.xnb 3796 7030 16 26
Item_4109.xnb 3796 7056 16 26
Item_4110.xnb 3626 7738 16 28
Item_4111.xnb 3796 7082 16 26
Item_4112.xnb 3796 7108 16 26
Item_4113.xnb 3796 7134 16 26
Item_4114.xnb 3796 7160 16 26
Item_4116.xnb 3796 7186 16 26
Item_4117.xnb 3796 7212 16 26
Item_4118.xnb 3796 7238 16 26
Item_4120.xnb 3796 7264 16 26
Item_4121.xnb 3796 7290 16 26
Item_4122.xnb 3796 7316 16 26
Item_4123.xnb 3796 7342 16 26
Item_4124.xnb 3796 7368 16 26
Item_4125.xnb 3796 7394 16 26
Item_4126.xnb 3796 7420 16 26
Item_4127.xnb 3796 7446 16 26
Item_4148.xnb 7338 1520 36 24
Item_4151.xnb 3626 5872 16 30
Item_4155.xnb 3032 5338 18 32
Item_4157.xnb 1216 3390 16 34
Item_4161.xnb 7374 1520 36 24
Item_4165.xnb 3626 7766 16 28
Item_4169.xnb 7410 1520 36 24
Item_4172.xnb 3626 5902 16 30
Item_4176.xnb 3032 5370 18 32
Item_4178.xnb 1216 3424 16 34
Item_4182.xnb 7448 1520 36 24
Item_4186.xnb 3626 7794 16 28
Item_4190.xnb 7484 1520 36 24
Item_4193.xnb 3626 5932 16 30
Item_4197.xnb 8174 6874 18 32
Item_4199.xnb 1216 3458 16 34
Item_4203.xnb 7520 1520 36 24
Item_4207.xnb 3626 7822 16 28
Item_4211.xnb 7556 1520 36 24
Item_4214.xnb 3626 5962 16 30
Item_4218.xnb 8174 6906 18 32
Item_4220.xnb 1216 3492 16 34
Item_4224.xnb 7592 1520 36 24
Item_4228.xnb 3626 7850 16 28
Item_4282.xnb 1210 8076 22 84
Item_4283.xnb 2806 8022 26 96
Item_4291.xnb 342 4016 18 90
Item_4306.xnb 3626 5992 16 30
Item_4308.xnb 1216 3526 16 34
Item_4309.xnb 1216 6984 16 32
Item_4316.xnb 3796 7472 16 26
Item_44.xnb 874 5326 18 40
Item_4404.xnb 126 4896 30 16
Item_4415.xnb 8174 6938 18 32
Item_4430.xnb 3626 7878 14 32
Item_4431.xnb 3626 7910 14 32
Item_4432.xnb 3627 8150 14 32
Item_4433.xnb 3712 5790 14 32
Item_4434.xnb 3712 5822 14 32
Item_4435.xnb 3712 5854 14 32
Item_4439.xnb 1216 7016 16 32
Item_4440.xnb 1216 7048 16 32
Item_4441.xnb 1216 7080 16 32
Item_4445.xnb 7906 3238 24 16
Item_4446.xnb 7930 3238 24 16
Item_4447.xnb 1284 8176 26 16
Item_4448.xnb 1310 8176 26 16
Item_4449.xnb 1336 8176 26 16
Item_4457.xnb 7954 3238 24 16
Item_4458.xnb 7978 3238 24 16
Item_4542.xnb 3712 7160 14 30
Item_4545.xnb 3712 7190 14 30
Item_4546.xnb 3712 7220 14 30
Item_4567.xnb 8054 338 36 22
Item_4572.xnb 1216 7112 16 32
Item_4575.xnb 1216 7144 16 32
Item_4576.xnb 8174 6970 18 32
Item_4578.xnb 1216 7176 16 32
Item_4582.xnb 6936 1520 38 24
Item_4617.xnb 3894 7358 20 102
Item_4618.xnb 3894 7460 20 102
Item_4620.xnb 342 3512 18 102
Item_4621.xnb 342 3614 18 102
Item_4622.xnb 342 3716 18 102
Item_4623.xnb 700 7844 20 126
Item_4624.xnb 342 3818 18 102
Item_4658.xnb 5810 2348 50 34
Item_4688.xnb 3712 7538 14 28
Item_4695.xnb 3712 5886 14 32
Item_4696.xnb 3712 5918 14 32
Item_4697.xnb 3712 5950 14 32
Item_4698.xnb 3712 5982 14 32
Item_4699.xnb 3712 6014 14 32
Item_47.xnb 3712 6046 14 32
Item_4700.xnb 3712 6078 14 32
Item_4708.xnb 6761 3438 22 16
Item_4725.xnb 5872 2348 50 34
Item_4731.xnb 3626 6022 16 30
Item_4737.xnb 1216 3578 16 34
Item_4762.xnb 8174 7002 18 32
Item_4791.xnb 1216 3010 14 40
Item_4828.xnb 3626 6052 16 30
Item_4858.xnb 1216 2498 16 36
Item_4859.xnb 1216 2534 16 36
Item_4860.xnb 1216 2570 16 36
Item_4861.xnb 1216 2606 16 36
Item_4862.xnb 1216 2642 16 36
Item_4863.xnb 1216 2678 16 36
Item_4864.xnb 1216 2714 16 36
Item_4865.xnb 1216 2750 16 36
Item_4866.xnb 1216 2786 16 36
Item_4867.xnb 1216 7208 16 32
Item_4870.xnb 1216 7240 16 32
Item_4871.xnb 3626 7942 16 28
Item_4981.xnb 6974 1520 38 24
Item_4990.xnb 2370 1742 32 20
Item_5019.xnb 2402 1742 32 20
Item_5027.xnb 2434 1742 32 20
Item_5028.xnb 2466 1742 32 20
Item_5041.xnb 3518 6726 24 126
Item_5053.xnb 8002 3238 24 16
Item_5076.xnb 1216 7692 14 36
Item_5094.xnb 8144 1252 48 40
Item_5099.xnb 578 7436 28 16
Item_51.xnb 3712 6110 14 32
Item_5121.xnb 5922 2348 50 34
Item_5122.xnb 5972 2348 50 34
Item_5123.xnb 6022 2348 50 34
Item_5124.xnb 6072 2348 50 34
Item_514.xnb 6078 1520 40 24
Item_5149.xnb 7628 1520 36 24
Item_5151.xnb 7012 1520 38 24
Item_5154.xnb 1216 3612 16 34
Item_5159.xnb 3712 7250 14 30
Item_516.xnb 3712 6142 14 32
Item_5160.xnb 1216 3646 16 34
Item_5162.xnb 6894 3438 24 14
Item_5168.xnb 3796 6658 16 28
Item_5169.xnb 156 4896 30 16
Item_5172.xnb 7664 1520 36 24
Item_5175.xnb 1216 3680 16 34
Item_5178.xnb 3796 6686 16 28
Item_5180.xnb 3712 7566 14 28
Item_5181.xnb 3712 6174 14 32
Item_5183.xnb 6918 3438 24 14
Item_5191.xnb 7700 1520 36 24
Item_5196.xnb 3626 6082 16 30
Item_5201.xnb 1216 3714 16 34
Item_5202.xnb 1216 3748 16 34
Item_5204.xnb 8026 3238 24 16
Item_5210.xnb 3796 7498 16 26
Item_5211.xnb 1216 7272 16 32
Item_5212.xnb 1216 2822 16 36
Item_5235.xnb 6122 2348 50 34
Item_5236.xnb 6172 2348 50 34
Item_5237.xnb 6222 2348 50 34
Item_5238.xnb 6272 2348 50 34
Item_5239.xnb 6322 2348 50 34
Item_524.xnb 6944 2348 48 34
Item_5240.xnb 6384 2348 50 34
Item_5241.xnb 6434 2348 50 34
Item_5242.xnb 6992 2348 48 34
Item_5243.xnb 6484 2348 50 34
Item_5244.xnb 7040 2348 48 34
Item_5245.xnb 6534 2348 50 34
Item_5274.xnb 6584 2348 50 34
Item_5275.xnb 6558 240 16 90
Item_5282.xnb 1216 3782 16 34
Item_5290.xnb 8050 3238 24 16
Item_5292.xnb 6942 3438 24 14
Item_5299.xnb 2498 1742 32 20
Item_5300.xnb 1216 2858 16 36
Item_5308.xnb 6634 2348 50 34
Item_5310.xnb 6684 2348 50 34
Item_5347.xnb 3626 6112 16 30
Item_5348.xnb 3712 6206 14 32
Item_5357.xnb 2530 1742 32 20
Item_5389.xnb 6734 2348 50 34
Item_545.xnb 3712 6238 14 32
Item_5451.xnb 2562 1742 32 20
Item_552.xnb 6783 3438 22 16
Item_563.xnb 2594 1742 32 20
Item_569.xnb 2626 1742 32 20
Item_570.xnb 2658 1742 32 20
Item_573.xnb 2690 1742 32 20
Item_628.xnb 1090 7762 16 38
Item_629.xnb 1090 7800 16 38
Item_630.xnb 1090 7838 16 38
Item_631.xnb 6966 3438 24 14
Item_632.xnb 6990 3438 24 14
Item_633.xnb 7014 3438 24 14
Item_648.xnb 8090 338 36 22
Item_655.xnb 1216 7304 16 32
Item_658.xnb 1216 7336 16 32
Item_661.xnb 1216 7368 16 32
Item_725.xnb 874 5642 18 36
Item_727.xnb 6805 3438 22 16
Item_75.xnb 868 6632 22 208
Item_761.xnb 8126 338 36 22
Item_806.xnb 1090 7876 16 38
Item_807.xnb 1090 7914 16 38
Item_808.xnb 1090 7952 16 38
Item_809.xnb 1090 7990 16 38
Item_810.xnb 3712 6270 14 32
Item_826.xnb 1216 7400 16 32
Item_868.xnb 6827 3438 22 16
Item_87.xnb 6338 3438 24 16
Item_88.xnb 6850 3438 22 16
Item_89.xnb 6362 3438 24 16
Item_913.xnb 7038 3438 24 14
Item_915.xnb 1090 8028 16 38
Item_918.xnb 7736 1520 36 24
Item_923.xnb 1216 7432 16 32
Item_937.xnb 1362 8176 26 16
Item_94.xnb 7062 3438 24 14
Item_95.xnb 468 7430 36 22
Item_970.xnb 1216 7464 16 32
Item_971.xnb 1216 7496 16 32
Item_972.xnb 1216 7528 16 32
Item_973.xnb 1216 7560 16 32
Item_988.xnb 3712 6302 14 32
Item_99.xnb 1216 7592 16 32
Item_Stack_1 7874 3254 256 192
Item_Stack_10 7888 828 256 232
Item_Stack_101 7920 1986 256 308
Item_Stack_105 6958 240 128 112
Item_Stack_18 7888 1762 256 224
Item_Stack_20 8126 6822 64 48
LightningBug.xnb 704 5990 14 64
ListBackground.xnb 3438 7492 20 16
Logo.xnb 5360 2206 486 142
Logo2.xnb 5872 2206 486 142
Logo3.xnb 6384 2206 486 142
Logo4.xnb 6896 2206 486 142
MapPing.xnb 342 4106 18 90
MinimapFrame.xnb 2032 7926 256 264
Mount_Bee.xnb 3464 5228 78 696
Mount_DrillFront.xnb 3542 7970 90 180
Mount_Pigron.xnb 3266 5228 90 1056
Mount_Scutlix.xnb 142 7536 90 648
Mount_ScutlixEyeGlow.xnb 1000 7534 90 648
Mount_Slime.xnb 3484 6092 58 192
Mount_Unicorn.xnb 0 6224 126 1312
Mouse_Text_100 5840 1762 512 220
Mouse_Text_101 6352 1762 512 220
Mouse_Text_102 3280 1762 512 224
Mouse_Text_103 6864 1762 512 220
Mouse_Text_104 7376 1762 512 220
Mouse_Text_12 7888 1060 256 228
Mouse_Text_19 4566 3454 512 180
Mouse_Text_22 4336 1986 512 220
Mouse_Text_23 3778 3254 512 196
Mouse_Text_24 4848 1986 512 220
Mouse_Text_25 5360 1986 512 220
Mouse_Text_26 3624 1544 512 216
Mouse_Text_27 4136 1544 512 216
Mouse_Text_28 6012 3038 512 212
Mouse_Text_29 4648 1544 512 216
Mouse_Text_30 5160 1544 512 216
Mouse_Text_31 5672 1544 512 216
Mouse_Text_32 6184 1544 512 216
Mouse_Text_33 6696 1544 512 216
Mouse_Text_34 5872 1986 512 220
Mouse_Text_35 3792 1762 512 224
Mouse_Text_36 6384 1986 512 220
Mouse_Text_37 7208 1544 512 216
Mouse_Text_38 6896 1986 512 220
Mouse_Text_39 7408 1986 512 220
Mouse_Text_40 2940 2822 512 216
Mouse_Text_41 2320 2382 512 220
Mouse_Text_42 2832 2382 512 220
Mouse_Text_43 3344 2382 512 220
Mouse_Text_44 3856 2382 512 220
Mouse_Text_45 4368 2382 512 220
Mouse_Text_46 4880 2382 512 220
Mouse_Text_47 3452 2822 512 216
Mouse_Text_48 5392 2382 512 220
Mouse_Text_49 5904 2382 512 220
Mouse_Text_50 6416 2382 512 220
Mouse_Text_51 4304 1762 512 224
Mouse_Text_52 6928 2382 512 220
Mouse_Text_53 3964 2822 512 216
Mouse_Text_54 7440 2382 512 220
Mouse_Text_55 2320 2602 512 220
Mouse_Text_56 4476 2822 512 216
Mouse_Text_57 2832 2602 512 220
Mouse_Text_58 3344 2602 512 220
Mouse_Text_59 3856 2602 512 220
Mouse_Text_60 4988 2822 512 216
Mouse_Text_61 5500 2822 512 216
Mouse_Text_62 4368 2602 512 220
Mouse_Text_63 4880 2602 512 220
Mouse_Text_64 6012 2822 512 216
Mouse_Text_65 5392 2602 512 220
Mouse_Text_66 5904 2602 512 220
Mouse_Text_67 6416 2602 512 220
Mouse_Text_68 6928 2602 512 220
Mouse_Text_69 7440 2602 512 220
Mouse_Text_70 2320 2822 512 220
Mouse_Text_71 2320 3042 512 220
Mouse_Text_72 6524 2822 512 216
Mouse_Text_73 2320 3262 512 220
Mouse_Text_74 7036 2822 512 216
Mouse_Text_75 2320 3482 512 220
Mouse_Text_76 7548 2822 512 216
Mouse_Text_77 2940 3038 512 216
Mouse_Text_78 2320 3702 512 220
Mouse_Text_79 2320 3922 512 220
Mouse_Text_8 7058 3038 512 204
Mouse_Text_80 2320 4142 512 220
Mouse_Text_81 2320 4362 512 220
Mouse_Text_82 2320 4582 512 220
Mouse_Text_83 2320 4802 512 220
Mouse_Text_84 2320 5022 512 220
Mouse_Text_85 2320 5242 512 220
Mouse_Text_86 2320 5462 512 220
Mouse_Text_87 2320 5682 512 220
Mouse_Text_88 2320 5902 512 220
Mouse_Text_89 3452 3038 512 216
Mouse_Text_90 2320 6122 512 220
Mouse_Text_91 2320 6342 512 220
Mouse_Text_92 2320 6562 512 220
Mouse_Text_93 4816 1762 512 224
Mouse_Text_94 3964 3038 512 216
Mouse_Text_95 4476 3038 512 216
Mouse_Text_96 2320 6782 512 220
Mouse_Text_97 4988 3038 512 216
Mouse_Text_98 2320 7002 512 220
Mouse_Text_99 5500 3038 512 216
NPC_109.xnb 790 4480 84 1512
NPC_114.xnb 2320 7942 130 212
NPC_126.xnb 468 6120 110 1200
NPC_132.xnb 686 7176 34 126
NPC_133.xnb 8126 4534 56 176
NPC_143.xnb 8126 7954 64 232
NPC_148.xnb 3612 4546 28 504
NPC_149.xnb 3612 5050 28 504
NPC_155.xnb 3394 7508 90 676
NPC_164.xnb 720 8040 70 150
NPC_169.xnb 868 6208 22 216
NPC_170.xnb 3812 4466 90 924
NPC_171.xnb 3812 5390 90 924
NPC_175.xnb 8126 7234 56 141
NPC_177.xnb 8110 0 76 228
NPC_180.xnb 3812 6314 90 924
NPC_181.xnb 686 6120 34 1056
NPC_210.xnb 342 6820 16 72
NPC_224.xnb 3583 1628 40 128
NPC_235.xnb 6510 240 48 120
NPC_236.xnb 5444 210 84 140
NPC_241.xnb 8156 3454 36 180
NPC_250.xnb 8126 6874 48 168
NPC_252.xnb 8144 596 44 220
NPC_258.xnb 8144 360 46 228
NPC_263.xnb 8130 3254 56 200
NPC_300.xnb 3894 7862 20 96
NPC_302.xnb 8086 8134 40 56
NPC_315.xnb 1108 5738 116 990
NPC_316.xnb 8144 1762 40 224
NPC_328.xnb 234 8106 106 86
NPC_343.xnb 3812 7238 82 900
NPC_358.xnb 706 7308 14 64
NPC_390.xnb 2288 7926 32 260
NPC_4.xnb 2940 3254 110 996
NPC_408.xnb 6358 2206 24 136
NPC_416.xnb 2614 7222 138 800
NPC_419.xnb 3342 6284 76 1224
NPC_430.xnb 234 7630 88 476
NPC_447.xnb 3894 7958 20 96
NPC_477.xnb 2320 7222 156 720
NPC_485.xnb 342 4532 18 72
NPC_486.xnb 342 6298 18 72
NPC_487.xnb 342 6370 18 72
NPC_5.xnb 340 8106 20 64
NPC_508.xnb 3642 7918 84 240
NPC_518.xnb 3266 7508 128 680
NPC_520.xnb 3542 3634 100 912
NPC_541.xnb 1000 1548 78 1586
NPC_542.xnb 3418 7196 120 296
NPC_552.xnb 3484 7508 58 672
NPC_561.xnb 3542 5842 84 1064
NPC_562.xnb 3542 6906 84 1064
NPC_563.xnb 3642 3634 84 1064
NPC_570.xnb 1000 3134 108 1120
NPC_571.xnb 1000 4254 108 1120
NPC_574.xnb 3336 3824 86 1140
NPC_575.xnb 3422 3824 86 1140
NPC_595.xnb 6234 8134 20 48
NPC_626.xnb 700 7452 20 132
NPC_627.xnb 700 7584 20 132
NPC_628.xnb 2752 7222 70 782
NPC_654.xnb 706 7372 14 64
NPC_66.xnb 3726 7722 86 440
NPC_678.xnb 1700 6784 44 616
NPC_76.xnb 8126 4174 58 176
NPC_82.xnb 2450 7942 26 200
NPC_86.xnb 234 360 126 1312
NPC_87.xnb 3464 5924 76 156
Projectile_1.xnb 3712 6334 14 32
Projectile_1006.xnb 3712 6366 14 32
Projectile_1020.xnb 2722 1742 32 20
Projectile_103.xnb 3712 6398 14 32
Projectile_107.xnb 342 7148 18 56
Projectile_117.xnb 3712 6430 14 32
Projectile_120.xnb 3712 6462 14 32
Projectile_167.xnb 3712 7594 14 28
Projectile_168.xnb 3712 7622 14 28
Projectile_169.xnb 3712 7650 14 28
Projectile_170.xnb 3712 7678 14 28
Projectile_172.xnb 3712 6494 14 32
Projectile_175.xnb 3508 4848 34 112
Projectile_2.xnb 3712 6526 14 32
Projectile_206.xnb 3518 7116 24 80
Projectile_208.xnb 8144 828 42 220
Projectile_214.xnb 342 7204 18 56
Projectile_217.xnb 874 4898 14 56
Projectile_218.xnb 468 7320 110 110
Projectile_224.xnb 5296 8134 22 56
Projectile_225.xnb 874 5932 18 34
Projectile_227.xnb 1388 8176 26 16
Projectile_23.xnb 1090 8066 14 42
Projectile_232.xnb 6872 3438 22 16
Projectile_238.xnb 8126 5614 54 168
Projectile_244.xnb 8126 6154 54 156
Projectile_250.xnb 3712 6558 14 32
Projectile_266.xnb 8126 7054 44 180
Projectile_267.xnb 3712 7706 14 28
Projectile_275.xnb 128 8144 14 48
Projectile_276.xnb 874 5450 14 48
Projectile_278.xnb 1216 3892 14 38
Projectile_282.xnb 1216 3930 14 38
Projectile_304.xnb 3712 7280 14 30
Projectile_307.xnb 1216 2894 16 36
Projectile_316.xnb 3894 8054 20 62
Projectile_317.xnb 3512 4964 28 256
Projectile_32.xnb 3458 7492 20 16
Projectile_323.xnb 8176 1986 14 36
Projectile_325.xnb 1216 3968 14 38
Projectile_343.xnb 342 6594 18 70
Projectile_346.xnb 342 7316 18 52
Projectile_350.xnb 1216 7624 16 32
Projectile_4.xnb 3712 6590 14 32
Projectile_41.xnb 3712 6622 14 32
Projectile_416.xnb 3712 7734 14 28
Projectile_417.xnb 3712 7762 14 28
Projectile_418.xnb 3712 7790 14 28
Projectile_427.xnb 5764 8134 22 56
Projectile_429.xnb 342 7260 18 56
Projectile_443.xnb 1108 7754 102 408
Projectile_448.xnb 342 6664 14 84
Projectile_450.xnb 3894 7562 20 100
Projectile_454.xnb 8126 7594 62 124
Projectile_474.xnb 8176 2022 14 36
Projectile_477.xnb 3712 7818 14 28
Projectile_478.xnb 3712 7846 14 28
Projectile_479.xnb 3712 7310 14 30
Projectile_480.xnb 3712 7874 14 28
Projectile_485.xnb 3518 6436 24 150
Projectile_489.xnb 3478 7492 20 16
Projectile_495.xnb 3712 6654 14 32
Projectile_497.xnb 3712 7340 14 30
Projectile_5.xnb 3712 6686 14 32
Projectile_507.xnb 342 6956 16 68
Projectile_508.xnb 342 7024 16 68
Projectile_536.xnb 3894 7662 20 100
Projectile_539.xnb 6870 2206 24 136
Projectile_57.xnb 874 5010 14 54
Projectile_573.xnb 4368 8160 14 26
Projectile_58.xnb 874 5064 14 54
Projectile_59.xnb 342 7368 18 50
Projectile_595.xnb 720 4456 68 1792
Projectile_596.xnb 700 7970 20 120
Projectile_60.xnb 342 7418 18 50
Projectile_607.xnb 3894 7762 20 100
Projectile_61.xnb 874 4954 14 56
Projectile_614.xnb 342 4276 18 80
Projectile_62.xnb 342 7468 18 50
Projectile_631.xnb 3712 6718 14 32
Projectile_633.xnb 7382 2206 26 120
Projectile_639.xnb 3626 6836 14 34
Projectile_642.xnb 1210 7754 22 162
Projectile_645.xnb 892 7488 98 686
Projectile_659.xnb 3894 7238 20 120
Projectile_664.xnb 3796 7524 14 28
Projectile_666.xnb 3796 7552 14 28
Projectile_667.xnb 790 7578 92 612
Projectile_668.xnb 3796 7580 14 28
Projectile_671.xnb 3796 7608 14 28
Projectile_687.xnb 2832 7448 98 686
Projectile_688.xnb 868 7020 22 180
Projectile_710.xnb 3712 6750 14 32
Projectile_716.xnb 1160 8162 48 28
Projectile_717.xnb 3398 1732 48 28
Projectile_718.xnb 3446 1732 48 28
Projectile_73.xnb 3498 7492 20 16
Projectile_731.xnb 342 4356 18 80
Projectile_735.xnb 720 6248 68 1792
Projectile_736.xnb 874 4736 16 54
Projectile_737.xnb 874 4790 16 54
Projectile_738.xnb 874 4844 16 54
Projectile_773.xnb 868 7368 22 168
Projectile_776.xnb 3796 6714 16 28
Projectile_779.xnb 874 4480 14 64
Projectile_780.xnb 3796 6742 16 28
Projectile_783.xnb 874 4544 14 64
Projectile_784.xnb 3626 6142 16 30
Projectile_787.xnb 3626 6172 16 30
Projectile_790.xnb 3626 6202 16 30
Projectile_793.xnb 3626 6232 16 30
Projectile_796.xnb 3626 6262 16 30
Projectile_803.xnb 874 5118 18 42
Projectile_804.xnb 874 5160 18 42
Projectile_805.xnb 704 6054 16 40
Projectile_806.xnb 874 5750 16 40
Projectile_807.xnb 874 5790 16 40
Projectile_808.xnb 874 5202 18 42
Projectile_809.xnb 874 5244 18 42
Projectile_81.xnb 3712 6782 14 32
Projectile_819.xnb 3712 6814 14 32
Projectile_82.xnb 3712 6854 14 32
Projectile_844.xnb 3542 8150 85 40
Projectile_845.xnb 7042 8134 122 52
Projectile_853.xnb 2886 1628 512 132
Projectile_855.xnb 342 3408 18 104
Projectile_857.xnb 2274 1544 1350 84
Projectile_862.xnb 874 4608 14 64
Projectile_863.xnb 874 4672 14 64
Projectile_864.xnb 342 6892 18 64
Projectile_866.xnb 8126 5434 64 144
Projectile_870.xnb 342 3920 18 96
Projectile_888.xnb 1078 1548 28 1368
Projectile_898.xnb 3508 3824 34 1024
Projectile_900.xnb 3642 4698 80 1092
Projectile_909.xnb 3518 6852 22 132
Projectile_91.xnb 3712 6886 14 32
Projectile_912.xnb 8170 7054 22 130
Projectile_913.xnb 5528 210 22 140
Projectile_914.xnb 3518 6586 22 140
Projectile_915.xnb 1210 7916 22 160
Projectile_916.xnb 3518 6984 22 132
Projectile_935.xnb 3712 6918 14 32
Projectile_950.xnb 578 7308 128 128
Projectile_963.xnb 360 5288 176 832
Projectile_972.xnb 360 7452 170 680
Projectile_973.xnb 530 7452 170 680
Projectile_974.xnb 536 5288 171 702
Projectile_977.xnb 342 6442 18 72
Projectile_982.xnb 1232 6104 170 680
Projectile_983.xnb 1402 6104 170 680
Projectile_984.xnb 1572 6104 170 680
Projectile_985.xnb 1232 6784 170 680
Projectile_995.xnb 2902 5900 36 1440
Projectile_997.xnb 1402 6784 170 680
PumpkingFace.xnb 790 360 102 1368
Research_FramedPistons.xnb 1108 360 124 1026
Ripples.xnb 8126 6334 64 128
Rudolph_0.xnb 3726 3634 86 1008
Rudolph_1.xnb 3726 4642 86 1008
Rudolph_2.xnb 3726 5650 86 1008
Scrollbar.xnb 3518 7492 20 16
Seagull.xnb 3612 5554 28 270
Sky_Slime_1.xnb 342 4436 14 96
Sky_Slime_3.xnb 3518 6284 24 152
Test.xnb 3398 1628 185 104
Tiles_100.xnb 2832 5900 70 1548
Tiles_109.xnb 1744 3174 288 396
Tiles_141.xnb 874 5678 18 36
Tiles_149.xnb 3050 8114 108 72
Tiles_171.xnb 8126 6514 64 128
Tiles_174.xnb 504 7430 36 22
Tiles_178.xnb 8060 2822 126 216
Tiles_179.xnb 1744 3570 288 396
Tiles_180.xnb 1744 3966 288 396
Tiles_181.xnb 1744 4362 288 396
Tiles_182.xnb 1744 4758 288 396
Tiles_183.xnb 1744 5154 288 396
Tiles_187.xnb 3554 210 1890 72
Tiles_199-gross.xnb 1744 5550 288 396
Tiles_199.xnb 1744 5946 288 396
Tiles_216.xnb 342 2816 18 156
Tiles_217.xnb 8126 5074 54 180
Tiles_227.xnb 7408 2339 510 40
Tiles_228.xnb 8126 5794 54 162
Tiles_23.xnb 1744 6342 288 396
Tiles_244.xnb 8082 3038 108 216
Tiles_273.xnb 7952 2382 234 180
Tiles_274.xnb 7952 2602 234 180
Tiles_275.xnb 126 6224 108 1188
Tiles_276.xnb 2940 5426 108 972
Tiles_277.xnb 126 3600 108 1296
Tiles_278.xnb 126 4912 108 1296
Tiles_279.xnb 1108 6728 108 1026
Tiles_28.xnb 234 6298 108 1332
Tiles_280.xnb 2832 2822 108 1026
Tiles_281.xnb 2832 3848 108 1026
Tiles_296.xnb 2940 6398 108 972
Tiles_297.xnb 3050 3254 108 972
Tiles_2_Beach.xnb 1744 6738 288 396
Tiles_309.xnb 3356 5228 108 864
Tiles_334.xnb 2832 8134 108 54
Tiles_338.xnb 874 5714 18 36
Tiles_345.xnb 0 0 234 720
Tiles_358.xnb 2832 4874 108 1026
Tiles_359.xnb 578 6120 108 1188
Tiles_372.xnb 540 7430 36 22
Tiles_381.xnb 1744 7134 288 396
Tiles_388.xnb 342 2440 18 188
Tiles_389.xnb 342 2628 18 188
Tiles_413.xnb 3050 4226 108 972
Tiles_414.xnb 3050 5198 108 972
Tiles_421.xnb 2618 0 468 358
Tiles_422.xnb 3086 0 468 358
Tiles_425.xnb 7990 1724 180 36
Tiles_457.xnb 7952 2562 180 36
Tiles_458.xnb 0 720 234 720
Tiles_459.xnb 0 1440 234 720
Tiles_464.xnb 234 4642 90 1656
Tiles_468.xnb 2274 1628 612 114
Tiles_471.xnb 7510 8134 108 54
Tiles_475.xnb 3158 8114 108 72
Tiles_477.xnb 1744 7530 288 396
Tiles_491.xnb 7978 8134 108 54
Tiles_492.xnb 2032 1986 288 396
Tiles_506.xnb 360 8132 144 54
Tiles_507.xnb 0 2160 234 720
Tiles_508.xnb 0 2880 234 720
Tiles_512.xnb 2032 2382 288 396
Tiles_513.xnb 2032 2778 288 396
Tiles_514.xnb 2032 3174 288 396
Tiles_515.xnb 2032 3570 288 396
Tiles_516.xnb 2032 3966 288 396
Tiles_517.xnb 2032 4362 288 396
Tiles_529.xnb 7886 3454 270 170
Tiles_534.xnb 2032 4758 288 396
Tiles_535.xnb 2032 5154 288 396
Tiles_536.xnb 2032 5550 288 396
Tiles_537.xnb 2032 5946 288 396
Tiles_539.xnb 2032 6342 288 396
Tiles_540.xnb 2032 6738 288 396
Tiles_542.xnb 2940 7370 108 810
Tiles_55.xnb 7952 2782 180 36
Tiles_553.xnb 234 1672 108 1512
Tiles_554.xnb 234 3184 108 1458
Tiles_586.xnb 3336 4964 176 264
Tiles_593.xnb 342 2206 18 234
Tiles_599.xnb 892 360 108 1188
Tiles_60.xnb 2032 7134 288 396
Tiles_600.xnb 892 1548 108 1188
Tiles_601.xnb 892 2736 108 1188
Tiles_602.xnb 892 3924 108 1188
Tiles_603.xnb 892 5112 108 1188
Tiles_604.xnb 892 6300 108 1188
Tiles_605.xnb 1000 360 108 1188
Tiles_606.xnb 3050 6170 108 972
Tiles_607.xnb 3050 7142 108 972
Tiles_608.xnb 3158 3254 108 972
Tiles_609.xnb 3158 4226 108 972
Tiles_610.xnb 3158 5198 108 972
Tiles_611.xnb 3158 6170 108 972
Tiles_612.xnb 3158 7142 108 972
Tiles_617.xnb 8126 7414 54 144
Tiles_625.xnb 2032 7530 288 396
Tiles_626.xnb 2320 1986 288 396
Tiles_627.xnb 2608 1986 288 396
Tiles_628.xnb 2896 1986 288 396
Tiles_632.xnb 1000 5374 108 1080
Tiles_633.xnb 3184 1986 288 396
Tiles_640.xnb 1000 6454 108 1080
Tiles_643.xnb 1108 2498 108 1080
Tiles_644.xnb 1108 3578 108 1080
Tiles_645.xnb 1108 4658 108 1080
Tiles_648.xnb 3554 282 1890 72
Tiles_653.xnb 360 6120 108 1332
Tiles_661.xnb 3472 1986 288 396
Tiles_662.xnb 3760 1986 288 396
Tiles_70.xnb 4048 1986 288 396
Tiles_87.xnb 3554 0 1996 70
Tiles_88.xnb 3554 70 1996 70
Tiles_89.xnb 3554 140 1996 70
Tiles_93.xnb 720 2408 70 2048
Tree_Tops_0.xnb 7920 2294 246 82
Wall_1.xnb 7418 3454 468 180
Wall_10.xnb 3914 3634 468 180
Wall_100.xnb 4382 3634 468 180
Wall_101.xnb 4850 3634 468 180
Wall_102.xnb 5318 3634 468 180
Wall_103.xnb 5786 3634 468 180
Wall_104.xnb 6254 3634 468 180
Wall_105.xnb 6722 3634 468 180
Wall_106.xnb 7190 3634 468 180
Wall_107.xnb 7658 3634 468 180
Wall_108.xnb 3914 3814 468 180
Wall_109.xnb 4382 3814 468 180
Wall_11.xnb 4850 3814 468 180
Wall_110.xnb 5318 3814 468 180
Wall_111.xnb 5786 3814 468 180
Wall_112.xnb 6254 3814 468 180
Wall_113.xnb 6722 3814 468 180
Wall_114.xnb 7190 3814 468 180
Wall_115.xnb 7658 3814 468 180
Wall_116.xnb 3914 3994 468 180
Wall_117.xnb 4382 3994 468 180
Wall_118.xnb 4850 3994 468 180
Wall_119.xnb 5318 3994 468 180
Wall_12.xnb 5786 3994 468 180
Wall_120.xnb 6254 3994 468 180
Wall_121.xnb 6722 3994 468 180
Wall_122.xnb 7190 3994 468 180
Wall_123.xnb 7658 3994 468 180
Wall_124.xnb 3914 4174 468 180
Wall_125.xnb 4382 4174 468 180
Wall_126.xnb 4850 4174 468 180
Wall_127.xnb 5318 4174 468 180
Wall_128.xnb 5786 4174 468 180
Wall_129.xnb 6254 4174 468 180
Wall_13.xnb 6722 4174 468 180
Wall_130.xnb 7190 4174 468 180
Wall_131.xnb 7658 4174 468 180
Wall_132.xnb 3914 4354 468 180
Wall_133.xnb 3914 4534 468 180
Wall_134.xnb 3914 4714 468 180
Wall_135.xnb 3914 4894 468 180
Wall_138.xnb 3914 5074 468 180
Wall_139.xnb 3914 5254 468 180
Wall_14.xnb 3914 5434 468 180
Wall_140.xnb 3914 5614 468 180
Wall_141.xnb 3914 5794 468 180
Wall_142.xnb 3914 5974 468 180
Wall_143.xnb 3914 6154 468 180
Wall_145.xnb 3914 6334 468 180
Wall_146.xnb 234 0 468 360
Wall_147.xnb 702 0 468 360
Wall_148.xnb 3914 6514 468 180
Wall_149.xnb 3914 6694 468 180
Wall_15.xnb 3914 6874 468 180
Wall_150.xnb 3914 7054 468 180
Wall_151.xnb 3914 7234 468 180
Wall_152.xnb 3914 7414 468 180
Wall_153.xnb 3914 7594 468 180
Wall_154.xnb 3914 7774 468 180
Wall_155.xnb 3914 7954 468 180
Wall_156.xnb 4382 4354 468 180
Wall_157.xnb 4850 4354 468 180
Wall_158.xnb 5318 4354 468 180
Wall_159.xnb 5786 4354 468 180
Wall_16.xnb 6254 4354 468 180
Wall_160.xnb 6722 4354 468 180
Wall_161.xnb 7190 4354 468 180
Wall_162.xnb 7658 4354 468 180
Wall_163.xnb 4382 4534 468 180
Wall_164.xnb 4850 4534 468 180
Wall_165.xnb 5318 4534 468 180
Wall_166.xnb 5786 4534 468 180
Wall_167.xnb 1170 0 468 360
Wall_17.xnb 6254 4534 468 180
Wall_170.xnb 6722 4534 468 180
Wall_171.xnb 7190 4534 468 180
Wall_173.xnb 7658 4534 468 180
Wall_174.xnb 4382 4714 468 180
Wall_175.xnb 4382 4894 468 180
Wall_176.xnb 4382 5074 468 180
Wall_177.xnb 4382 5254 468 180
Wall_178.xnb 4382 5434 468 180
Wall_18.xnb 4382 5614 468 180
Wall_180.xnb 4382 5794 468 180
Wall_181.xnb 4382 5974 468 180
Wall_182.xnb 4382 6154 468 180
Wall_183.xnb 4382 6334 468 180
Wall_184.xnb 4382 6514 468 180
Wall_186.xnb 4382 6694 468 180
Wall_187.xnb 4382 6874 468 180
Wall_188.xnb 4382 7054 468 180
Wall_189.xnb 4382 7234 468 180
Wall_19.xnb 4382 7414 468 180
Wall_190.xnb 4382 7594 468 180
Wall_191.xnb 4382 7774 468 180
Wall_192.xnb 4382 7954 468 180
Wall_193.xnb 4850 4714 468 180
Wall_194.xnb 5318 4714 468 180
Wall_195.xnb 5786 4714 468 180
Wall_196.xnb 6254 4714 468 180
Wall_197.xnb 6722 4714 468 180
Wall_198.xnb 7190 4714 468 180
Wall_199.xnb 7658 4714 468 180
Wall_2.xnb 4850 4894 468 180
Wall_20.xnb 5318 4894 468 180
Wall_200.xnb 5786 4894 468 180
Wall_201.xnb 6254 4894 468 180
Wall_202.xnb 6722 4894 468 180
Wall_203.xnb 7190 4894 468 180
Wall_204.xnb 7658 4894 468 180
Wall_205.xnb 4850 5074 468 180
Wall_206.xnb 5318 5074 468 180
Wall_207.xnb 5786 5074 468 180
Wall_208.xnb 6254 5074 468 180
Wall_209.xnb 6722 5074 468 180
Wall_21.xnb 7190 5074 468 180
Wall_210.xnb 7658 5074 468 180
Wall_211.xnb 4850 5254 468 180
Wall_212.xnb 4850 5434 468 180
Wall_213.xnb 4850 5614 468 180
Wall_214.xnb 4850 5794 468 180
Wall_215.xnb 4850 5974 468 180
Wall_216.xnb 4850 6154 468 180
Wall_217.xnb 4850 6334 468 180
Wall_218.xnb 4850 6514 468 180
Wall_219.xnb 4850 6694 468 180
Wall_22.xnb 4850 6874 468 180
Wall_220.xnb 4850 7054 468 180
Wall_221.xnb 4850 7234 468 180
Wall_222.xnb 4850 7414 468 180
Wall_223.xnb 4850 7594 468 180
Wall_224.xnb 1232 1292 468 252
Wall_225.xnb 1638 0 468 360
Wall_228.xnb 4850 7774 468 180
Wall_229.xnb 4850 7954 468 180
Wall_23.xnb 5318 5254 468 180
Wall_230.xnb 5786 5254 468 180
Wall_231.xnb 6254 5254 468 180
Wall_232.xnb 6722 5254 468 180
Wall_233.xnb 7190 5254 468 180
Wall_234.xnb 7658 5254 468 180
Wall_235.xnb 5318 5434 468 180
Wall_236.xnb 5786 5434 468 180
Wall_237.xnb 6254 5434 468 180
Wall_238.xnb 6722 5434 468 180
Wall_239.xnb 7190 5434 468 180
Wall_24.xnb 7658 5434 468 180
Wall_240.xnb 5318 5614 468 180
Wall_241.xnb 5318 5794 468 180
Wall_244.xnb 5318 5974 468 180
Wall_245.xnb 5318 6154 468 180
Wall_246.xnb 5318 6334 468 180
Wall_247.xnb 5318 6514 468 180
Wall_248.xnb 5318 6694 468 180
Wall_249.xnb 5318 6874 468 180
Wall_25.xnb 5318 7054 468 180
Wall_250.xnb 5318 7234 468 180
Wall_251.xnb 5318 7414 468 180
Wall_252.xnb 5318 7594 468 180
Wall_253.xnb 5318 7774 468 180
Wall_254.xnb 5318 7954 468 180
Wall_255.xnb 5786 5614 468 180
Wall_256.xnb 6254 5614 468 180
Wall_257.xnb 6722 5614 468 180
Wall_258.xnb 7190 5614 468 180
Wall_259.xnb 7658 5614 468 180
Wall_26.xnb 5786 5794 468 180
Wall_260.xnb 6254 5794 468 180
Wall_261.xnb 6722 5794 468 180
Wall_262.xnb 7190 5794 468 180
Wall_263.xnb 7658 5794 468 180
Wall_264.xnb 5786 5974 468 180
Wall_265.xnb 6254 5974 468 180
Wall_266.xnb 6722 5974 468 180
Wall_267.xnb 7190 5974 468 180
Wall_268.xnb 7658 5974 468 180
Wall_269.xnb 5786 6154 468 180
Wall_27.xnb 5786 6334 468 180
Wall_270.xnb 5786 6514 468 180
Wall_271.xnb 5786 6694 468 180
Wall_272.xnb 5786 6874 468 180
Wall_273.xnb 5786 7054 468 180
Wall_274.xnb 1700 1292 468 252
Wall_275.xnb 5786 7234 468 180
Wall_276.xnb 5786 7414 468 180
Wall_277.xnb 5786 7594 468 180
Wall_278.xnb 5786 7774 468 180
Wall_279.xnb 5786 7954 468 180
Wall_28.xnb 6254 6154 468 180
Wall_280.xnb 6722 6154 468 180
Wall_281.xnb 7190 6154 468 180
Wall_282.xnb 7658 6154 468 180
Wall_283.xnb 6254 6334 468 180
Wall_284.xnb 6722 6334 468 180
Wall_285.xnb 7190 6334 468 180
Wall_286.xnb 7658 6334 468 180
Wall_287.xnb 6254 6514 468 180
Wall_288.xnb 6722 6514 468 180
Wall_289.xnb 7190 6514 468 180
Wall_29.xnb 7658 6514 468 180
Wall_290.xnb 6254 6694 468 180
Wall_291.xnb 6254 6874 468 180
Wall_292.xnb 6254 7054 468 180
Wall_293.xnb 6254 7234 468 180
Wall_294.xnb 6254 7414 468 180
Wall_295.xnb 6254 7594 468 180
Wall_296.xnb 6254 7774 468 180
Wall_297.xnb 6254 7954 468 180
Wall_298.xnb 6722 6694 468 180
Wall_299.xnb 7190 6694 468 180
Wall_3.xnb 7658 6694 468 180
Wall_30.xnb 6722 6874 468 180
Wall_300.xnb 7190 6874 468 180
Wall_301.xnb 7658 6874 468 180
Wall_302.xnb 6722 7054 468 180
Wall_303.xnb 6722 7234 468 180
Wall_304.xnb 6722 7414 468 180
Wall_305.xnb 6722 7594 468 180
Wall_306.xnb 6722 7774 468 180
Wall_307.xnb 6722 7954 468 180
Wall_308.xnb 7190 7054 468 180
Wall_309.xnb 7658 7054 468 180
Wall_31.xnb 7190 7234 468 180
Wall_310.xnb 7658 7234 468 180
Wall_311.xnb 7190 7414 468 180
Wall_312.xnb 7658 7414 468 180
Wall_313.xnb 7190 7594 468 180
Wall_314.xnb 7190 7774 468 180
Wall_315.xnb 7190 7954 468 180
Wall_316.xnb 7658 7594 468 180
Wall_317.xnb 7658 7774 468 180
Wall_318.xnb 7658 7954 468 180
Wall_323.xnb 2168 1292 468 252
Wall_324.xnb 2636 1292 468 252
Wall_325.xnb 3104 1292 468 252
Wall_326.xnb 3572 1292 468 252
Wall_327.xnb 4040 1292 468 252
Wall_328.xnb 4508 1292 468 252
Wall_329.xnb 4976 1292 468 252
Wall_330.xnb 5444 1292 468 252
Waterfall_9.xnb 1232 8136 512 40
Wings_28.xnb 8126 3994 66 168
Wings_45.xnb 8144 1060 48 192
Xmas_0.xnb 8126 6694 64 128
