Achievements.xnb 1920 7100 1054 988
Background_112.xnb 5372 5382 2048 434
Background_114.xnb 0 7560 1024 630
Background_168.xnb 5372 7532 1024 660
Background_169.xnb 6396 7532 1024 660
Background_176.xnb 5372 4440 1024 942
Background_18.xnb 7420 5382 542 353
Background_19.xnb 4732 6880 606 465
Background_250.xnb 7044 3240 1024 1000
Background_283.xnb 6020 3240 1024 1140
Bat3.xnb 5362 7392 10 160
Bestiary.xnb 7864 5352 64 30
BlockReplace_0.xnb 6740 4416 72 22
Button_Sorting.xnb 7750 5352 114 28
Camera_4.xnb 8160 6322 32 28
Chain10.xnb 5338 7320 34 24
Chain17.xnb 8180 2740 10 300
Chain31.xnb 4352 8120 20 72
Chain32.xnb 8172 5682 20 72
Chain37.xnb 5162 8176 10 16
Chains_11.xnb 3828 6016 12 14
Chains_15.xnb 7004 5368 12 14
Chat_Back.xnb 7680 2740 500 500
Cloud_12.xnb 3750 6030 88 28
Cloud_23.xnb 7876 5735 84 80
Cloud_34.xnb 3490 8072 76 120
Cloud_36.xnb 5200 6736 168 132
Cloud_40.xnb 5172 7812 168 180
Coin_0.xnb 3828 5904 12 112
Coin_2.xnb 3828 5760 12 144
ColorBar.xnb 4984 8176 178 16
Combat_Crit_101 3840 7820 512 364
Combat_Crit_20 3082 5760 512 288
Combat_Crit_29 7420 6350 512 324
Combat_Text_19 7932 6350 256 320
Copy.xnb 3820 8172 20 20
Cursor_0.xnb 8178 4368 14 14
Death_Text_15 7680 2160 512 580
Death_Text_17 7420 4960 512 392
Death_Text_5 7680 1080 512 592
Death_Text_6 7680 1672 512 436
Extra_129.xnb 8010 5816 150 528
Extra_133.xnb 7932 5320 228 52
Extra_145.xnb 7888 8130 186 52
Extra_146.xnb 7962 5766 228 36
Extra_155.xnb 4308 7700 54 114
Extra_20.xnb 8178 4382 14 56
Extra_240.xnb 8114 0 76 944
Extra_245.xnb 3840 3240 1090 1200
Extra_28.xnb 4372 4440 1000 1000
Extra_30.xnb 8142 4240 46 128
Extra_47.xnb 5362 7692 10 72
Extra_48.xnb 3550 4320 272 1092
Extra_72.xnb 6020 4380 800 36
Extra_81.xnb 3840 4440 532 1940
FlyingCarpet.xnb 8128 960 64 120
Glow_101.xnb 8074 8130 14 56
Glow_168.xnb 1824 8172 96 20
Glow_223.xnb 1824 7560 92 612
Glow_255.xnb 8068 3240 116 990
Glow_31.xnb 8160 5816 32 506
Glow_48.xnb 7962 5382 210 384
Glyphs_0.xnb 1024 8160 700 28
Gore_1008.xnb 4362 7700 10 112
Gore_1051.xnb 8170 5802 22 14
Gore_1147.xnb 3822 4752 18 300
Gore_115.xnb 6978 5368 26 14
Gore_1160.xnb 3822 5052 18 300
Gore_1161.xnb 3820 7422 18 300
Gore_1162.xnb 3820 7722 18 300
Gore_1218.xnb 8180 3190 12 48
Gore_122.xnb 8114 8178 24 14
Gore_1248.xnb 7680 960 448 112
Gore_1282.xnb 7962 5802 26 14
Gore_1375.xnb 6630 5368 30 14
Gore_261.xnb 6534 5368 32 14
Gore_265.xnb 6432 5368 34 14
Gore_401.xnb 7352 5298 68 84
Gore_438.xnb 8138 8178 24 14
Gore_450.xnb 6810 5368 28 14
Gore_574.xnb 5264 7345 106 44
Gore_706.xnb 4352 7820 18 300
Gore_707.xnb 8172 5382 18 300
Gore_84.xnb 7988 5802 26 14
Gore_843.xnb 8162 8178 24 14
IconEverythingAnimated.xnb 7680 0 434 960
Infinite_Icons.xnb 7420 5352 330 30
Item_1263.xnb 6566 5368 32 14
Item_1588.xnb 8014 5802 26 14
Item_1748.xnb 6660 5368 30 14
Item_1836.xnb 8142 4368 36 14
Item_2229.xnb 6838 5368 28 14
Item_2231.xnb 6466 5368 34 14
Item_251.xnb 6866 5368 28 14
Item_2568.xnb 6690 5368 30 14
Item_260.xnb 6894 5368 28 14
Item_261.xnb 8040 5802 26 14
Item_3029.xnb 8160 5320 30 62
Item_353.xnb 3822 5352 18 60
Item_3578.xnb 6500 5368 34 14
Item_3664.xnb 6598 5368 32 14
Item_371.xnb 6922 5368 28 14
Item_3816.xnb 6720 5368 30 14
Item_4274.xnb 8066 5802 26 14
Item_4652.xnb 6950 5368 28 14
Item_5001.xnb 8092 5802 26 14
Item_501.xnb 8118 5802 26 14
Item_5073.xnb 8144 5802 26 14
Item_873.xnb 6750 5368 30 14
LiquidSlope_0.xnb 8114 944 72 16
Liquid_10.xnb 6434 4416 306 16
Liquid_12.xnb 4372 8176 306 16
Liquid_13.xnb 4678 8176 306 16
NPC_182.xnb 5338 6880 34 440
NPC_195.xnb 3820 7100 20 322
NPC_211.xnb 5362 7764 10 48
NPC_266.xnb 7888 6674 200 1456
NPC_327.xnb 8088 6674 102 1368
NPC_361.xnb 8166 4960 26 286
NPC_397.xnb 3574 7100 246 1088
NPC_483.xnb 4308 6380 60 1320
NPC_491.xnb 7420 5816 590 534
NPC_565.xnb 2974 7100 600 972
NPC_577.xnb 1920 4320 1162 1740
NPC_657.xnb 4372 5440 360 1952
NPC_668.xnb 4930 3240 1090 1200
Outer_Corrupt.xnb 6396 5298 620 70
Outer_Dirt.xnb 8146 4944 44 16
Outer_Lower.xnb 4732 7345 532 46
Planet.xnb 1920 6060 1920 1040
PlayerPulley.xnb 8166 5246 26 72
Projectile_315.xnb 8088 8178 26 14
Projectile_349.xnb 8180 3040 12 150
Projectile_455.xnb 6396 5368 36 14
Projectile_469.xnb 2964 8088 10 50
Projectile_650.xnb 5340 7812 32 168
Projectile_756.xnb 5172 7992 200 192
Projectile_802.xnb 7030 4380 14 58
Projectile_824.xnb 7420 5735 456 78
Projectile_826.xnb 7016 5298 336 80
Projectile_829.xnb 2856 8142 116 44
Projectile_839.xnb 7420 8114 456 78
Projectile_841.xnb 5362 7552 10 140
Projectile_874.xnb 4372 7992 800 184
Projectile_951.xnb 8146 4440 42 504
Projectile_952.xnb 3820 8022 20 150
Projectile_957.xnb 5200 5440 168 1296
Projectile_962.xnb 8088 8042 102 136
Projectile_968.xnb 3822 4320 16 432
Projectile_970.xnb 7876 8114 12 72
ResonanceArray.xnb 2974 8072 516 110
Settings_Toggle.xnb 6780 5368 30 14
Splash_2_0.xnb 0 0 1920 1080
Splash_2_2.xnb 1920 0 1920 1080
Splash_3_0.xnb 3840 0 1920 1080
Splash_3_2.xnb 5760 0 1920 1080
Splash_4_0.xnb 0 1080 1920 1080
Splash_4_2.xnb 0 2160 1920 1080
Splash_5_0.xnb 0 3240 1920 1080
Splash_5_2.xnb 0 4320 1920 1080
Splash_6_0.xnb 0 5400 1920 1080
Splash_6_2.xnb 0 6480 1920 1080
Splash_7_0.xnb 1920 1080 1920 1080
Splash_7_2.xnb 3840 1080 1920 1080
Splash_8_0.xnb 5760 1080 1920 1080
Splash_8_2.xnb 1920 2160 1920 1080
Splash_9_0.xnb 3840 2160 1920 1080
Splash_9_2.xnb 5760 2160 1920 1080
Stat_Attack.xnb 1724 8160 96 31
Tiles_110.xnb 6020 4416 414 22
Tiles_245.xnb 1920 8088 1044 54
Tiles_3.xnb 7044 4416 810 22
Tiles_340.xnb 7932 4960 234 360
Tiles_351.xnb 3594 5760 234 270
Tiles_376.xnb 1920 8142 936 38
Tiles_470.xnb 3550 5700 288 52
Tiles_591.xnb 7854 4382 324 54
Tiles_73.xnb 7044 4382 810 34
Tiles_81.xnb 3594 6030 156 28
TitleLinkButtons.xnb 6820 4380 210 52
Tree_Tops_19.xnb 7044 4240 1098 142
Underworld 0.xnb 6396 4440 1024 858
Underworld 10.xnb 5372 5816 1024 858
Underworld 11.xnb 5372 6674 1024 858
Underworld 12.xnb 6396 5816 1024 858
Underworld 5.xnb 6396 6674 1024 858
WallOfFlesh.xnb 5172 7392 190 420
Wall_137.xnb 3082 4320 468 1440
Wall_168.xnb 3840 6380 468 1440
Wall_169.xnb 4732 5440 468 1440
Wall_172.xnb 7420 6674 468 1440
Waterfall_0.xnb 7680 2108 512 40
WiresNew.xnb 3550 5412 288 288
Xmas_4.xnb 7420 4440 726 520
logo_3.xnb 1024 7560 800 600
logo_4.xnb 4372 7392 800 600
xnbold.xnb 1920 3240 1920 1080
