Background_1.xnb 8016 6480 128 16
Background_102.xnb 5456 2228 1024 546
Background_103.xnb 6480 2228 1024 546
Background_104.xnb 2384 2776 1024 546
Background_107.xnb 1360 3332 1024 550
Background_113.xnb 1360 3882 1024 550
Background_121.xnb 4532 8164 160 16
Background_123.xnb 4692 8164 160 16
Background_128.xnb 8016 5404 160 48
Background_146.xnb 4944 8164 160 16
Background_148.xnb 5104 8164 160 16
Background_15.xnb 6480 2776 1024 540
Background_153.xnb 5264 8164 160 16
Background_155.xnb 7504 5440 160 16
Background_16.xnb 2384 3322 1024 540
Background_160.xnb 7664 5440 160 16
Background_161.xnb 7824 5440 160 16
Background_162.xnb 7504 5969 160 16
Background_163.xnb 7664 5969 160 16
Background_164.xnb 7824 5969 160 16
Background_166.xnb 6480 8170 160 16
Background_17.xnb 2384 3862 1024 540
Background_171.xnb 5456 7044 1024 523
Background_211.xnb 5456 3322 1024 533
Background_212.xnb 6480 3322 1024 533
Background_213.xnb 3408 3862 1024 533
Background_216.xnb 1360 4432 1024 550
Background_222.xnb 4432 3862 1024 533
Background_223.xnb 5456 3862 1024 533
Background_224.xnb 6480 3862 1024 533
Background_225.xnb 3408 4395 1024 533
Background_226.xnb 3408 4928 1024 533
Background_227.xnb 3408 5461 1024 533
Background_231.xnb 2384 4402 1024 540
Background_232.xnb 2384 4942 1024 540
Background_233.xnb 2384 5482 1024 540
Background_234.xnb 2384 6022 1024 540
Background_236.xnb 2384 6562 1024 540
Background_237.xnb 3408 5994 1024 533
Background_238.xnb 3408 6527 1024 533
Background_239.xnb 3408 7060 1024 533
Background_243.xnb 1360 4982 1024 550
Background_244.xnb 1360 5532 1024 550
Background_246.xnb 1360 6082 1024 550
Background_247.xnb 1360 6632 1024 550
Background_261.xnb 3408 2776 1024 546
Background_262.xnb 4432 2776 1024 546
Background_266.xnb 5456 4928 1024 529
Background_267.xnb 6480 4928 1024 529
Background_268.xnb 5456 5457 1024 529
Background_278.xnb 6480 7010 1024 509
Background_279.xnb 6480 7519 1024 509
Background_280.xnb 5456 7567 1024 512
Background_287.xnb 6480 5986 1024 512
Background_288.xnb 6480 6498 1024 512
Background_292.xnb 7722 4374 192 16
Background_294.xnb 3408 8166 192 16
Background_296.xnb 3600 8166 192 16
Background_34.xnb 6640 8170 160 16
Background_40.xnb 6800 8170 160 16
Background_46.xnb 2384 7102 1024 540
Background_47.xnb 2384 7642 1024 540
Background_48.xnb 3408 3322 1024 540
Background_53.xnb 3408 7593 1024 533
Background_54.xnb 4432 4395 1024 533
Background_55.xnb 5456 4395 1024 533
Background_56.xnb 6480 4395 1024 533
Background_57.xnb 4432 4928 1024 533
Background_58.xnb 4432 5461 1024 533
Background_60.xnb 4432 5994 1024 533
Background_61.xnb 4432 6527 1024 533
Background_62.xnb 6960 8170 160 16
Background_64.xnb 8016 7504 160 16
Background_95.xnb 6480 5457 1024 529
Background_96.xnb 5456 5986 1024 529
Background_97.xnb 5456 6515 1024 529
Bone_Eyes.xnb 8016 560 140 470
Chain12.xnb 4928 8164 16 28
Chain13.xnb 8182 532 10 18
Chain28.xnb 8182 2698 10 40
Chains_0.xnb 8182 2738 10 28
Chat2.xnb 5424 8164 32 28
Cloud_2.xnb 8016 1030 168 78
Cloud_25.xnb 8016 7384 164 120
Cloud_28.xnb 8016 1484 168 184
Cloud_30.xnb 8016 5288 174 116
Cloud_37.xnb 8016 3140 162 176
Cloud_38.xnb 8016 2040 166 178
Cloud_39.xnb 8016 400 166 150
Cursor_13.xnb 290 8056 46 22
Death_Text_100 336 0 1024 560
Death_Text_101 1360 0 1024 560
Death_Text_103 2384 0 1024 560
Death_Text_18 336 7808 1024 372
Death_Text_19 1360 7730 1024 456
Death_Text_22 3408 0 1024 560
Death_Text_23 4432 7060 1024 532
Death_Text_26 6480 1120 1024 552
Death_Text_27 336 3360 1024 556
Death_Text_28 4432 3322 1024 536
Death_Text_29 5456 2776 1024 544
Death_Text_30 1360 1676 1024 552
Death_Text_31 2384 1676 1024 552
Death_Text_32 1360 7182 1024 548
Death_Text_36 4432 0 1024 560
Death_Text_37 2384 2228 1024 548
Death_Text_38 3408 1676 1024 552
Death_Text_39 5456 0 1024 560
Death_Text_40 336 3916 1024 556
Death_Text_41 336 4472 1024 556
Death_Text_43 6480 0 1024 560
Death_Text_46 336 560 1024 560
Death_Text_47 3408 2228 1024 548
Death_Text_48 336 5028 1024 556
Death_Text_59 1360 560 1024 560
Death_Text_60 4432 1676 1024 552
Death_Text_62 336 5584 1024 556
Death_Text_63 336 6140 1024 556
Death_Text_64 4432 2228 1024 548
Death_Text_66 2384 560 1024 560
Death_Text_67 3408 560 1024 560
Death_Text_68 4432 560 1024 560
Death_Text_70 5456 560 1024 560
Death_Text_71 6480 560 1024 560
Death_Text_72 5456 1676 1024 552
Death_Text_73 336 6696 1024 556
Death_Text_75 336 1120 1024 560
Death_Text_76 336 7252 1024 556
Death_Text_77 336 1680 1024 560
Death_Text_78 336 2240 1024 560
Death_Text_79 1360 1120 1024 556
Death_Text_8 4432 7592 1024 532
Death_Text_83 336 2800 1024 560
Death_Text_84 2384 1120 1024 556
Death_Text_85 3408 1120 1024 556
Death_Text_90 6480 1676 1024 552
Death_Text_94 1360 2228 1024 552
Death_Text_95 1360 2780 1024 552
Death_Text_96 4432 1120 1024 556
Death_Text_99 5456 1120 1024 556
Extra_114.xnb 8160 4909 32 18
Extra_13.xnb 0 7440 290 638
Extra_135.xnb 7984 5440 32 16
Extra_14.xnb 8016 0 172 400
Extra_144.xnb 7984 5969 32 16
Extra_15.xnb 8016 5986 128 426
Extra_179.xnb 7504 0 512 512
Extra_180.xnb 7504 560 512 512
Extra_188.xnb 8016 2592 166 174
Extra_201.xnb 7504 1120 512 512
Extra_209.xnb 7504 1676 512 512
Extra_211.xnb 8016 5961 104 24
Extra_216.xnb 7504 2228 512 512
Extra_217.xnb 7504 2776 512 512
Extra_218.xnb 7504 3322 512 512
Extra_219.xnb 7504 3862 512 512
Extra_220.xnb 7504 4395 512 512
Extra_221.xnb 7504 4928 512 512
Extra_222.xnb 7504 5457 512 512
Extra_223.xnb 7504 5986 512 512
Extra_224.xnb 7504 6498 512 512
Extra_225.xnb 7504 7010 512 512
Extra_231.xnb 7504 7522 512 512
Extra_3.xnb 8182 2040 10 64
Extra_59.xnb 8016 5809 132 152
Extra_82.xnb 0 0 336 1810
Firefly.xnb 8182 2104 10 64
Glow_116.xnb 8156 8152 36 40
Glow_132.xnb 8016 1120 174 364
Glow_138.xnb 8144 5986 46 420
Glow_143.xnb 8016 1676 174 364
Glow_149.xnb 8016 2228 174 364
Glow_162.xnb 8016 4928 170 360
Glow_202.xnb 8144 3686 48 168
Glow_218.xnb 7984 8174 32 18
Glow_219.xnb 4368 8166 60 26
Glow_299.xnb 0 8078 324 108
Glow_329.xnb 7990 2740 26 36
Glow_40.xnb 8182 8136 10 16
GolemLights2.xnb 8180 7384 12 56
Gore_1041.xnb 8142 4370 18 24
Gore_1058.xnb 8120 5961 28 24
Gore_1193.xnb 8182 5791 10 18
Gore_1201.xnb 8180 7440 12 56
Gore_1284.xnb 8176 7504 16 18
Gore_1372.xnb 8176 5404 14 52
Gore_349.xnb 8182 8040 10 24
Gore_57.xnb 8182 5497 10 38
Gore_614.xnb 7936 3834 76 28
Gore_839.xnb 7994 3288 22 34
Icon_Tags_Shadow.xnb 7504 8034 480 150
Item_1112.xnb 8182 8064 10 24
Item_167.xnb 8182 5535 10 32
Item_2085.xnb 8182 7554 10 30
Item_2087.xnb 8182 7704 10 28
Item_2088.xnb 8182 7732 10 28
Item_2090.xnb 8182 7760 10 28
Item_2091.xnb 8182 7788 10 28
Item_2132.xnb 8182 8088 10 24
Item_2643.xnb 8182 7816 10 28
Item_2645.xnb 8182 7584 10 30
Item_2646.xnb 8182 5567 10 32
Item_2647.xnb 8182 7614 10 30
Item_279.xnb 8182 8112 10 24
Item_2896.xnb 8182 5599 10 32
Item_3391.xnb 8182 7844 10 28
Item_3392.xnb 8182 7872 10 28
Item_3393.xnb 8182 7900 10 28
Item_342.xnb 8182 7928 10 28
Item_3547.xnb 8182 5631 10 32
Item_4543.xnb 8182 5663 10 32
Item_4577.xnb 8182 7956 10 28
Item_965.xnb 8182 5695 10 32
Item_967.xnb 324 8138 12 51
Item_Stack_13 7218 8028 256 164
Mount_CuteFishron1.xnb 248 3680 82 1794
Mount_CuteFishron2.xnb 248 5560 82 1794
Mouse_Text_3 8016 3686 128 168
NPC_264.xnb 8160 4226 29 164
NPC_325.xnb 0 3680 248 1880
NPC_355.xnb 8182 2592 10 64
NPC_367.xnb 302 3574 34 104
NPC_422.xnb 8016 2776 174 364
NPC_428.xnb 8148 5809 44 170
NPC_493.xnb 8016 3322 174 364
NPC_507.xnb 8016 3862 174 364
NPC_517.xnb 8016 4395 174 364
NPC_537.xnb 8152 6412 38 84
NPC_551.xnb 0 1810 302 1870
NPC_604.xnb 7474 8028 26 160
NPC_636.xnb 8016 5457 166 352
NPC_664.xnb 8178 3140 14 180
NPC_683.xnb 290 7440 46 616
PreviewBorder.xnb 248 5474 84 84
Projectile_1014.xnb 8160 7010 32 374
Projectile_153.xnb 248 7354 84 84
Projectile_181.xnb 8182 2168 10 48
Projectile_195.xnb 8182 2656 10 42
Projectile_228.xnb 8160 4759 30 150
Projectile_246.xnb 8182 5457 10 40
Projectile_249.xnb 324 8078 12 60
Projectile_29.xnb 8182 5727 10 32
Projectile_319.xnb 8124 6498 60 506
Projectile_470.xnb 8182 5759 10 32
Projectile_583.xnb 8182 7644 10 30
Projectile_584.xnb 8182 7674 10 30
Projectile_589.xnb 4432 8164 100 28
Projectile_637.xnb 8182 7522 10 32
Projectile_680.xnb 8182 400 10 66
Projectile_827.xnb 4852 8164 76 28
Projectile_872.xnb 8016 7010 144 374
Projectile_920.xnb 8182 466 10 66
Projectile_932.xnb 7914 4374 102 18
Projectile_976.xnb 7984 8034 32 140
Projectile_98.xnb 8182 7984 10 28
Projectile_980.xnb 8182 8012 10 28
PumpkingCloak.xnb 8016 7522 166 630
Settings_Inputs.xnb 8016 6412 136 68
Slider_Highlight.xnb 3920 8166 178 16
Stat_Knockback.xnb 7898 3288 96 31
Tiles_103.xnb 7504 4374 218 16
Tiles_16.xnb 7936 4907 72 20
Tiles_165.xnb 5456 8079 704 110
Tiles_314.xnb 8016 4226 144 144
Tiles_324.xnb 6412 8079 66 110
Tiles_349.xnb 6160 8079 252 108
Tiles_36.xnb 4224 8166 144 18
Tiles_42.xnb 302 1810 34 1764
Tiles_427.xnb 7504 2740 486 36
Tiles_443.xnb 7504 4907 144 18
Tiles_485.xnb 8016 4759 144 144
Tiles_493.xnb 8016 6498 108 504
Tiles_549.xnb 7702 3834 234 18
Tiles_567.xnb 8016 8152 140 40
Tiles_594.xnb 8156 560 36 468
Tiles_637.xnb 7504 3834 198 22
Tiles_71.xnb 7120 8170 90 22
Tiles_82.xnb 8016 4370 126 22
Tiles_83.xnb 3792 8166 126 22
Tiles_84.xnb 4098 8166 126 22
Tiles_85.xnb 7504 3288 394 34
TreeFace.xnb 0 5560 248 1880
Tree_Tops_3.xnb 6480 8028 738 142
Waterfall_11.xnb 7648 4907 144 18
Waterfall_12.xnb 8016 4903 142 18
Waterfall_19.xnb 7504 512 512 40
Waterfall_2.xnb 7504 1072 512 40
Waterfall_20.xnb 7504 1632 512 40
Waterfall_21.xnb 7504 2188 512 40
Waterfall_22.xnb 7792 4907 144 18
Waterfall_23.xnb 3408 8126 512 40
Waterfall_24.xnb 3920 8126 512 40
Waterfall_3.xnb 4432 8124 512 40
Waterfall_4.xnb 4944 8124 512 40
