Acc_HandsOff_14.xnb 7732 5347 360 224
Acc_HandsOff_15.xnb 7732 5703 360 224
Acc_HandsOn_22.xnb 5810 7855 360 224
Acc_HandsOn_23.xnb 7818 6407 360 224
Acc_HandsOn_24.xnb 7818 6743 360 224
Actuator.xnb 1007 7219 16 16
AirBalloons_Small.xnb 1007 7109 16 110
Background_10.xnb 1024 7843 1024 346
Background_105.xnb 1024 1879 1024 424
Background_106.xnb 0 1009 1024 473
Background_109.xnb 0 4355 1024 464
Background_11.xnb 4096 509 1024 480
Background_12.xnb 1024 6359 1024 371
Background_129.xnb 7954 2691 160 48
Background_13.xnb 1024 6730 1024 371
Background_14.xnb 3072 0 1024 500
Background_2.xnb 5030 3795 128 96
Background_20.xnb 1024 5559 1024 400
Background_207.xnb 1024 5959 1024 400
Background_208.xnb 0 4819 1024 464
Background_21.xnb 4096 0 1024 500
Background_214.xnb 1024 2303 1024 424
Background_215.xnb 0 1482 1024 473
Background_217.xnb 3856 2743 1024 227
Background_218.xnb 0 5283 1024 464
Background_22.xnb 2048 1444 1024 434
Background_228.xnb 1024 2727 1024 424
Background_23.xnb 3072 1444 1024 434
Background_24.xnb 4096 1444 1024 434
Background_248.xnb 5120 0 1024 500
Background_249.xnb 6144 0 1024 500
Background_25.xnb 5120 1444 1024 434
Background_255.xnb 7168 0 1024 500
Background_256.xnb 0 509 1024 500
Background_259.xnb 1024 509 1024 500
Background_26.xnb 4880 2743 1024 227
Background_264.xnb 3072 1879 1024 346
Background_27.xnb 2048 509 1024 500
Background_270.xnb 1024 1009 1024 435
Background_274.xnb 5120 509 1024 480
Background_29.xnb 4096 1879 1024 346
Background_291.xnb 7966 4891 192 96
Background_293.xnb 7978 5251 192 96
Background_3.xnb 5542 3795 128 96
Background_30.xnb 5120 1879 1024 346
Background_31.xnb 6144 509 1024 480
Background_35.xnb 2048 1009 1024 435
Background_36.xnb 3072 1009 1024 435
Background_37.xnb 6144 1879 1024 346
Background_38.xnb 7168 1879 1024 346
Background_39.xnb 7168 509 1024 480
Background_4.xnb 5760 989 128 16
Background_41.xnb 4096 1009 1024 435
Background_42.xnb 6144 1444 1024 434
Background_43.xnb 1024 7101 1024 371
Background_44.xnb 1024 7472 1024 371
Background_45.xnb 3072 509 1024 500
Background_50.xnb 0 0 1024 509
Background_51.xnb 1024 0 1024 509
Background_52.xnb 2048 0 1024 509
Background_66.xnb 4096 989 160 16
Background_68.xnb 4256 989 160 16
Background_7.xnb 5120 1009 1024 435
Background_70.xnb 4416 989 160 16
Background_73.xnb 4576 989 160 16
Background_75.xnb 4736 989 160 16
Background_77.xnb 4896 989 160 16
Background_79.xnb 5120 989 160 16
Background_8.xnb 6144 1009 1024 435
Background_83.xnb 5280 989 160 16
Background_85.xnb 5440 989 160 16
Background_88.xnb 5600 989 160 16
Background_9.xnb 2048 2235 1024 346
Background_90.xnb 7168 1009 1024 435
Background_91.xnb 1024 1444 1024 435
Background_98.xnb 1024 5151 1024 408
Bolt.xnb 5172 6787 348 529
Buff.xnb 4644 3867 32 32
BuilderIcons.xnb 240 8159 160 32
Chain15.xnb 2926 7163 12 24
Chain4.xnb 6418 8063 16 28
Chains_12.xnb 6168 3883 12 16
Chains_3.xnb 7290 8161 16 30
Chains_8.xnb 6286 8175 12 16
Chat.xnb 4008 5561 32 26
Cloud_0.xnb 2704 4001 256 104
Cloud_13.xnb 1594 5129 62 22
Cloud_17.xnb 8036 3839 142 56
Cloud_26.xnb 7444 2951 174 112
Cloud_32.xnb 5520 7764 102 78
Cloud_33.xnb 6672 2991 148 54
Coin_1.xnb 3492 6651 12 128
Coin_3.xnb 1007 6965 14 144
Combat_Crit_100 5172 4263 512 360
Combat_Crit_102 2192 7701 512 364
Combat_Crit_103 5684 4263 512 360
Combat_Crit_104 6196 4263 512 360
Combat_Crit_11 4148 7867 512 268
Combat_Crit_23 5172 7845 512 340
Combat_Crit_25 4676 3067 512 364
Combat_Crit_26 4676 3431 512 364
Combat_Crit_27 5684 5347 512 356
Combat_Crit_28 6814 6059 512 336
Combat_Crit_31 7306 6407 512 332
Combat_Crit_32 6794 6743 512 332
Combat_Crit_33 6196 5347 512 356
Combat_Crit_34 6708 5347 512 356
Combat_Crit_35 5188 3067 512 364
Combat_Crit_36 5188 3431 512 364
Combat_Crit_37 6708 4263 512 360
Combat_Crit_38 7306 6743 512 332
Combat_Crit_39 7326 6059 512 336
Combat_Crit_40 7220 4263 512 360
Combat_Crit_41 4148 4627 512 360
Combat_Crit_42 5700 3067 512 364
Combat_Crit_43 4148 4987 512 360
Combat_Crit_44 5700 3431 512 364
Combat_Crit_45 6212 3067 512 364
Combat_Crit_46 6212 3431 512 364
Combat_Crit_47 4148 5347 512 360
Combat_Crit_48 6794 7075 512 332
Combat_Crit_49 6724 3067 512 364
Combat_Crit_50 6724 3431 512 364
Combat_Crit_51 7236 3067 512 364
Combat_Crit_52 7236 3431 512 364
Combat_Crit_53 4148 5707 512 360
Combat_Crit_54 4148 6067 512 360
Combat_Crit_55 4148 6427 512 360
Combat_Crit_56 4148 6787 512 360
Combat_Crit_57 4148 7147 512 360
Combat_Crit_58 4148 7507 512 360
Combat_Crit_59 4660 4627 512 360
Combat_Crit_60 5172 4627 512 360
Combat_Crit_61 7220 5347 512 356
Combat_Crit_62 5684 5703 512 356
Combat_Crit_63 5684 4627 512 360
Combat_Crit_64 6196 4627 512 360
Combat_Crit_65 6794 7407 512 332
Combat_Crit_66 6196 5703 512 356
Combat_Crit_67 4148 3899 512 364
Combat_Crit_68 6708 4627 512 360
Combat_Crit_69 4660 3899 512 364
Combat_Crit_70 5172 3899 512 364
Combat_Crit_71 7220 4627 512 360
Combat_Crit_72 5684 3899 512 364
Combat_Crit_73 6708 5703 512 356
Combat_Crit_74 4660 4987 512 360
Combat_Crit_75 4660 5347 512 360
Combat_Crit_76 6196 3899 512 364
Combat_Crit_77 6708 3899 512 364
Combat_Crit_78 4660 5707 512 360
Combat_Crit_79 4660 6067 512 360
Combat_Crit_80 4660 6427 512 360
Combat_Crit_81 4660 6787 512 360
Combat_Crit_82 7220 3899 512 364
Combat_Crit_83 4660 7147 512 360
Combat_Crit_84 4148 4263 512 364
Combat_Crit_85 4660 7507 512 360
Combat_Crit_86 5172 4987 512 360
Combat_Crit_87 5684 4987 512 360
Combat_Crit_88 6196 4987 512 360
Combat_Crit_89 6708 4987 512 360
Combat_Crit_9 7634 2743 512 324
Combat_Crit_90 7220 5703 512 356
Combat_Crit_91 7220 4987 512 360
Combat_Crit_92 5172 5347 512 360
Combat_Crit_93 5172 5707 512 360
Combat_Crit_94 4660 4263 512 364
Combat_Crit_95 6794 7739 512 332
Combat_Crit_96 6794 6407 512 336
Combat_Crit_97 5172 6067 512 360
Combat_Crit_98 5684 6059 512 356
Combat_Crit_99 5172 6427 512 360
Combat_Text_22 7838 6059 256 308
Combat_Text_88 4660 7867 512 248
Crimera1.xnb 4828 2970 50 96
Cursor_14.xnb 7420 2559 46 22
Cursor_3.xnb 980 7627 20 20
Death_Text_0 2992 7872 512 272
Death_Text_1 3072 2235 1024 336
Death_Text_10 7168 1444 1024 428
Death_Text_11 4096 2235 1024 336
Death_Text_2 2048 1879 1024 356
Death_Text_21 5120 2235 1024 312
Death_Text_9 6144 2235 1024 312
Dest1.xnb 6666 3795 50 102
Dest3.xnb 7178 3795 50 102
DukeFishron.xnb 1594 3151 202 1298
Emotes.xnb 6144 2547 64 32
Explosion.xnb 4040 7429 98 686
Extra_108.xnb 7690 3795 50 102
Extra_109.xnb 8142 6631 50 102
Extra_134.xnb 5056 989 60 20
Extra_138.xnb 7966 4503 198 102
Extra_140.xnb 5892 2547 64 34
Extra_157.xnb 2992 6651 195 1221
Extra_159.xnb 3187 6651 195 1221
Extra_160.xnb 3690 3067 174 1204
Extra_161.xnb 6062 6415 126 1312
Extra_164.xnb 1010 2135 14 168
Extra_167.xnb 3798 5495 64 592
Extra_17.xnb 2938 8097 54 92
Extra_174.xnb 6062 7727 128 128
Extra_181.xnb 7774 7795 360 368
Extra_185.xnb 3864 3067 176 1160
Extra_187.xnb 652 5747 178 1488
Extra_21.xnb 6398 8091 36 96
Extra_22.xnb 6146 2723 36 20
Extra_232.xnb 240 7647 512 512
Extra_233.xnb 2192 3093 512 512
Extra_234.xnb 2192 3605 512 512
Extra_235.xnb 2192 4117 512 512
Extra_236.xnb 2192 4629 512 512
Extra_237.xnb 2192 5141 512 512
Extra_241.xnb 2192 2743 800 350
Extra_243.xnb 956 4331 24 24
Extra_247.xnb 2704 5025 240 104
Extra_248.xnb 4040 3067 240 832
Extra_26.xnb 3644 7815 46 328
Extra_34.xnb 7748 3067 360 360
Extra_35.xnb 6170 7855 24 222
Extra_44.xnb 5632 7316 52 448
Extra_49.xnb 800 3655 100 100
Extra_69.xnb 3646 5741 42 90
Extra_99.xnb 7618 2951 16 108
FireflyJar.xnb 3504 8151 108 36
Flame_15.xnb 7168 2235 864 324
Flame_3.xnb 1024 3151 214 2000
Flash.xnb 5172 7316 348 529
FlyingShip.xnb 6298 7703 120 388
Gem_4.xnb 3612 8151 32 40
Glow_114.xnb 2048 8153 144 38
Glow_120.xnb 6088 2547 54 34
Glow_121.xnb 6646 2547 54 34
Glow_123.xnb 6700 2547 54 34
Glow_125.xnb 6182 2723 36 20
Glow_126.xnb 2704 3093 288 396
Glow_130.xnb 1004 2855 18 252
Glow_133.xnb 7934 2725 20 18
Glow_146.xnb 8142 4627 50 252
Glow_147.xnb 980 4043 44 312
Glow_155.xnb 800 2555 102 560
Glow_175.xnb 2872 6651 60 24
Glow_176.xnb 2884 6139 54 26
Glow_191.xnb 6514 2547 66 28
Glow_20.xnb 1714 5129 56 22
Glow_21.xnb 2764 7163 54 26
Glow_215.xnb 6434 6407 360 486
Glow_22.xnb 7492 989 56 18
Glow_244.xnb 7950 5315 28 32
Glow_253.xnb 0 5747 240 1900
Glow_254.xnb 5684 6415 126 1440
Glow_258.xnb 2704 3605 288 396
Glow_259.xnb 2704 4117 288 396
Glow_260.xnb 2704 4629 288 396
Glow_261.xnb 2704 5141 288 396
Glow_262.xnb 2704 5653 288 396
Glow_263.xnb 2704 6165 288 396
Glow_264.xnb 2704 6677 288 396
Glow_291.xnb 5684 8151 108 36
Glow_311.xnb 2704 7189 288 396
Glow_312.xnb 2704 7701 288 396
Glow_315.xnb 7966 4627 176 264
Glow_316.xnb 4676 3795 354 98
Glow_32.xnb 2960 4001 32 104
Glow_327.xnb 2704 6049 234 90
Glow_36.xnb 574 8159 74 32
Glow_38.xnb 7692 2559 42 22
Glow_39.xnb 6326 2723 38 18
Glow_45.xnb 7138 989 30 20
Glow_47.xnb 2704 6651 56 26
Glow_56.xnb 2960 3489 32 112
Glow_59.xnb 6754 2547 54 34
Glow_64.xnb 6808 2547 54 34
Glow_66.xnb 6862 2547 54 34
Glow_68.xnb 5550 2547 70 34
Glow_69.xnb 6218 2723 36 20
Glow_71.xnb 4220 8175 34 16
Glow_72.xnb 4254 8175 34 16
Glow_84.xnb 6402 2723 34 20
Glow_89.xnb 722 8159 30 32
GolemLights1.xnb 6032 2723 38 20
GolemLights3.xnb 830 5747 186 1218
Gore_1007.xnb 1008 8007 14 144
Gore_102.xnb 2818 7163 54 26
Gore_1043.xnb 7454 2723 14 20
Gore_105.xnb 980 4027 40 16
Gore_1054.xnb 7604 2559 44 22
Gore_1059.xnb 1010 3115 14 40
Gore_1068.xnb 8180 5683 12 20
Gore_1072.xnb 8180 6039 12 20
Gore_1079.xnb 5882 2695 100 42
Gore_1084.xnb 800 3115 90 40
Gore_1085.xnb 3972 7287 66 78
Gore_1101.xnb 4148 8175 36 16
Gore_1113.xnb 5810 8079 384 112
Gore_113.xnb 5792 8151 18 40
Gore_1167.xnb 7548 2725 34 18
Gore_1170.xnb 7582 2725 34 18
Gore_1176.xnb 7828 989 50 20
Gore_1177.xnb 7902 2559 40 22
Gore_1183.xnb 7936 8163 50 28
Gore_1194.xnb 940 7627 40 20
Gore_1202.xnb 5992 2723 40 20
Gore_1208.xnb 3492 6779 12 56
Gore_1209.xnb 3492 6835 12 56
Gore_1249.xnb 7732 5571 448 128
Gore_125.xnb 1014 2459 10 22
Gore_1250.xnb 7732 5927 448 128
Gore_1257.xnb 6794 8071 448 112
Gore_1294.xnb 2918 7675 20 26
Gore_1295.xnb 4138 7785 10 18
Gore_1319.xnb 1014 2525 10 16
Gore_132.xnb 7734 2559 42 22
Gore_133.xnb 8142 6383 42 24
Gore_1340.xnb 1014 2481 10 22
Gore_1348.xnb 8166 4471 26 32
Gore_1373.xnb 6436 2723 34 20
Gore_152.xnb 4138 7803 10 18
Gore_153.xnb 4138 7929 10 16
Gore_155.xnb 804 7627 42 20
Gore_158.xnb 1014 2503 10 22
Gore_183.xnb 8046 6367 48 40
Gore_186.xnb 7942 2559 40 22
Gore_214.xnb 3818 8171 24 20
Gore_227.xnb 2760 6651 56 26
Gore_228.xnb 8092 5547 52 24
Gore_290.xnb 7158 2547 10 22
Gore_314.xnb 3644 8143 46 48
Gore_329.xnb 8022 2559 10 22
Gore_340.xnb 4138 7821 10 18
Gore_367.xnb 7474 8149 62 42
Gore_388.xnb 8174 4235 18 28
Gore_449.xnb 6470 2723 34 20
Gore_475.xnb 2897 5537 90 116
Gore_479.xnb 3798 7895 64 48
Gore_510.xnb 7776 2559 42 22
Gore_512.xnb 6070 2723 38 20
Gore_514.xnb 8092 5883 92 38
Gore_515.xnb 5622 7764 58 76
Gore_521.xnb 480 7571 120 74
Gore_525.xnb 1656 5129 58 22
Gore_526.xnb 4536 3867 54 32
Gore_532.xnb 3492 7321 12 30
Gore_546.xnb 4138 7945 10 16
Gore_550.xnb 3478 7851 26 20
Gore_570.xnb 5982 2695 10 22
Gore_576.xnb 6054 3795 126 88
Gore_583.xnb 2764 6139 58 26
Gore_618.xnb 7190 2723 40 16
Gore_657.xnb 5982 2717 10 22
Gore_683.xnb 8154 5227 38 24
Gore_691.xnb 8114 2691 78 50
Gore_705.xnb 4138 8057 10 14
Gore_714.xnb 1004 2555 18 300
Gore_715.xnb 8174 2235 18 300
Gore_716.xnb 6776 7379 18 300
Gore_717.xnb 6776 7679 18 300
Gore_72.xnb 846 7627 42 20
Gore_729.xnb 6390 3031 26 36
Gore_791.xnb 7818 2559 42 22
Gore_80.xnb 1496 5133 48 16
Gore_81.xnb 1544 5133 48 16
Gore_818.xnb 7878 989 54 18
Gore_831.xnb 7982 2559 40 22
Gore_836.xnb 8056 4235 60 28
Gore_865.xnb 4138 7605 10 20
Gore_869.xnb 4138 7625 10 20
Gore_873.xnb 4138 7645 10 20
Gore_878.xnb 7230 2723 32 20
Gore_882.xnb 4138 7665 10 20
Gore_886.xnb 3492 7055 12 34
Gore_89.xnb 6672 3045 40 22
Gore_892.xnb 7100 2547 58 30
Gore_907.xnb 6418 7949 14 114
Gore_908.xnb 8178 6407 14 114
Gore_909.xnb 8178 6743 14 114
Gore_947.xnb 4590 3867 54 32
Gore_951.xnb 7732 5315 54 32
Gore_955.xnb 7786 5315 54 32
Gore_959.xnb 7840 5315 54 32
Gore_982.xnb 5826 2547 66 34
Item_1003.xnb 7262 2723 32 20
Item_1121.xnb 8038 8163 48 28
Item_1135.xnb 6196 8175 30 16
Item_1145.xnb 4458 8175 32 16
Item_1187.xnb 6270 2547 58 34
Item_1189.xnb 7466 2559 46 22
Item_1190.xnb 7548 989 56 18
Item_1194.xnb 7894 5315 56 30
Item_1196.xnb 7372 2559 48 22
Item_1201.xnb 8116 4235 58 28
Item_1204.xnb 7774 8163 56 28
Item_1218.xnb 6752 3045 38 22
Item_1229.xnb 7972 3875 54 24
Item_1232.xnb 1770 5129 56 22
Item_1254.xnb 2822 6139 62 24
Item_1255.xnb 7884 8163 52 28
Item_1260.xnb 7748 3875 56 24
Item_1262.xnb 7168 2559 52 22
Item_1335.xnb 4138 8071 10 14
Item_1352.xnb 4138 7961 10 16
Item_1388.xnb 4490 8175 32 16
Item_1451.xnb 3492 7531 12 28
Item_1452.xnb 3492 7559 12 28
Item_1453.xnb 3492 7587 12 28
Item_1454.xnb 3492 7615 12 28
Item_1455.xnb 3492 7643 12 28
Item_1456.xnb 3492 7671 12 28
Item_1464.xnb 3492 7699 12 28
Item_1465.xnb 3492 7727 12 28
Item_1466.xnb 3492 7755 12 28
Item_1467.xnb 3492 7783 12 28
Item_1468.xnb 3492 7811 12 28
Item_1469.xnb 8180 3899 12 28
Item_1504.xnb 6504 2723 34 20
Item_1518.xnb 1010 2303 14 36
Item_1553.xnb 5956 2547 66 32
Item_157.xnb 702 7627 48 18
Item_1598.xnb 7294 2723 32 20
Item_160.xnb 6712 3045 40 22
Item_1604.xnb 7326 2723 32 20
Item_1606.xnb 7358 2723 32 20
Item_1614.xnb 8026 3875 10 22
Item_1615.xnb 8180 3927 12 28
Item_1616.xnb 8180 3955 12 28
Item_1617.xnb 8180 3983 12 28
Item_1618.xnb 8180 4011 12 28
Item_1619.xnb 8180 4039 12 28
Item_1620.xnb 8180 4067 12 28
Item_1621.xnb 8180 4095 12 28
Item_1622.xnb 8180 4123 12 28
Item_1623.xnb 8180 4151 12 28
Item_1624.xnb 8180 4179 12 28
Item_1625.xnb 8180 4207 12 28
Item_1626.xnb 8180 5571 12 28
Item_1627.xnb 8180 5599 12 28
Item_1628.xnb 8180 5627 12 28
Item_1629.xnb 8180 5655 12 28
Item_1630.xnb 8180 5927 12 28
Item_1631.xnb 8180 5955 12 28
Item_1632.xnb 8180 5983 12 28
Item_1633.xnb 8180 6011 12 28
Item_1719.xnb 6538 2723 34 20
Item_1720.xnb 8144 5547 48 24
Item_1788.xnb 7616 2725 34 18
Item_1835.xnb 7804 3875 56 24
Item_1870.xnb 7604 989 56 18
Item_1910.xnb 6144 989 58 20
Item_1946.xnb 6398 2547 58 32
Item_1963.xnb 7390 2723 32 20
Item_197.xnb 7932 989 52 18
Item_2066.xnb 7422 2723 32 20
Item_2067.xnb 3382 7851 32 20
Item_2068.xnb 3414 7851 32 20
Item_2069.xnb 6572 2723 34 20
Item_2070.xnb 6606 2723 34 20
Item_2081.xnb 3446 7851 32 20
Item_2130.xnb 3492 7351 12 30
Item_2131.xnb 3492 7089 12 34
Item_2140.xnb 6640 2723 34 20
Item_2259.xnb 7820 2725 38 16
Item_2269.xnb 2866 7675 52 26
Item_2270.xnb 1994 5129 54 22
Item_2342.xnb 886 4331 70 22
Item_2410.xnb 6790 3045 38 22
Item_2537.xnb 6674 2723 34 20
Item_2538.xnb 3798 6087 32 20
Item_2552.xnb 4288 8175 34 16
Item_2553.xnb 7650 2725 34 18
Item_2563.xnb 3492 7123 12 34
Item_2567.xnb 7684 2725 34 18
Item_2575.xnb 3492 7157 12 34
Item_2582.xnb 6708 2723 34 20
Item_2623.xnb 5996 989 70 20
Item_2660.xnb 6226 8175 30 16
Item_2663.xnb 6256 8175 30 16
Item_2773.xnb 1826 5129 56 22
Item_2774.xnb 2872 7163 54 26
Item_2778.xnb 7660 989 56 18
Item_2783.xnb 6916 2547 64 28
Item_2795.xnb 2816 6651 56 26
Item_2796.xnb 648 8159 74 32
Item_2797.xnb 7860 2559 42 22
Item_2798.xnb 6364 2723 38 18
Item_2810.xnb 4322 8175 34 16
Item_2811.xnb 4356 8175 34 16
Item_2819.xnb 3492 7225 12 32
Item_2823.xnb 6742 2723 34 20
Item_287.xnb 1014 2339 10 24
Item_2881.xnb 6456 2547 58 32
Item_289.xnb 3492 7381 12 30
Item_290.xnb 3492 7411 12 30
Item_291.xnb 3492 7441 12 30
Item_292.xnb 3492 7471 12 30
Item_3007.xnb 7830 8163 54 28
Item_3008.xnb 6208 2547 62 32
Item_3019.xnb 8174 2535 18 46
Item_3098.xnb 6980 2547 68 26
Item_3107.xnb 7648 2559 44 22
Item_3108.xnb 4138 7685 10 20
Item_3159.xnb 3830 6087 32 20
Item_3161.xnb 6776 2723 34 20
Item_3171.xnb 4138 7705 10 20
Item_3239.xnb 4522 8175 32 16
Item_3370.xnb 3690 8171 32 20
Item_3371.xnb 3722 8171 32 20
Item_3463.xnb 2704 7163 60 24
Item_3464.xnb 2704 7675 54 26
Item_3475.xnb 6580 2547 66 28
Item_35.xnb 4554 8175 32 16
Item_3532.xnb 8158 4891 32 96
Item_3590.xnb 6810 2723 34 20
Item_3609.xnb 3754 8171 32 20
Item_3610.xnb 3786 8171 32 20
Item_3788.xnb 2704 6139 60 26
Item_3790.xnb 890 3115 12 36
Item_3791.xnb 3492 6947 12 36
Item_3792.xnb 3492 6983 12 36
Item_3793.xnb 3492 7019 12 36
Item_385.xnb 8088 989 50 18
Item_386.xnb 8138 989 50 18
Item_388.xnb 652 7627 50 18
Item_3903.xnb 800 2541 24 14
Item_3925.xnb 4586 8175 32 16
Item_3930.xnb 494 8159 80 32
Item_3942.xnb 1008 8151 16 40
Item_3945.xnb 824 2541 24 14
Item_3958.xnb 4390 8175 34 16
Item_3959.xnb 7718 2725 34 18
Item_3969.xnb 3492 7191 12 34
Item_3973.xnb 6844 2723 34 20
Item_4001.xnb 5146 8155 26 36
Item_4018.xnb 7290 8071 16 90
Item_4060.xnb 1882 5129 56 22
Item_4145.xnb 7966 4605 38 22
Item_4146.xnb 7858 2725 38 16
Item_4159.xnb 848 2541 24 14
Item_4166.xnb 8004 4605 38 22
Item_4167.xnb 7896 2725 38 16
Item_4180.xnb 872 2541 24 14
Item_4187.xnb 8042 4605 38 22
Item_4188.xnb 6054 3883 38 16
Item_4201.xnb 896 2541 24 14
Item_4208.xnb 8080 4605 38 22
Item_4209.xnb 6092 3883 38 16
Item_4222.xnb 920 2541 24 14
Item_4294.xnb 8172 6967 20 102
Item_4296.xnb 5670 3795 30 102
Item_4298.xnb 4424 8175 34 16
Item_4299.xnb 7752 2725 34 18
Item_4310.xnb 6878 2723 34 20
Item_4311.xnb 944 2541 24 14
Item_4313.xnb 6912 2723 34 20
Item_434.xnb 7168 989 56 20
Item_4347.xnb 7512 2559 46 22
Item_4348.xnb 7558 2559 46 22
Item_435.xnb 7860 3875 56 24
Item_436.xnb 7916 3875 56 24
Item_4416.xnb 968 2541 24 14
Item_4464.xnb 6946 2723 34 20
Item_4465.xnb 6980 2723 34 20
Item_4541.xnb 3492 7501 12 30
Item_4544.xnb 3492 7257 12 32
Item_4580.xnb 992 2541 24 14
Item_4602.xnb 3492 7289 12 32
Item_4615.xnb 8178 6521 14 102
Item_4616.xnb 6418 7847 16 102
Item_4619.xnb 8178 6857 14 102
Item_4703.xnb 1452 5133 44 18
Item_4750.xnb 990 3705 34 50
Item_4793.xnb 4656 3823 20 44
Item_481.xnb 7336 989 52 20
Item_4849.xnb 6254 2723 36 20
Item_4900.xnb 6108 2723 38 20
Item_5101.xnb 8118 4605 38 22
Item_5134.xnb 2758 7675 54 26
Item_5148.xnb 6130 3883 38 16
Item_517.xnb 1014 2363 10 24
Item_5190.xnb 6290 2723 36 20
Item_533.xnb 6328 2547 70 28
Item_534.xnb 7468 2725 40 16
Item_5354.xnb 7014 2723 34 20
Item_5377.xnb 4138 7429 10 22
Item_5378.xnb 4138 7451 10 22
Item_5379.xnb 4138 7473 10 22
Item_5380.xnb 4138 7495 10 22
Item_578.xnb 7388 989 52 20
Item_579.xnb 7716 989 56 18
Item_645.xnb 7082 2723 36 18
Item_716.xnb 4618 8175 32 16
Item_758.xnb 1938 5129 56 22
Item_759.xnb 7220 2559 52 22
Item_760.xnb 7986 8163 52 26
Item_779.xnb 7984 989 52 18
Item_858.xnb 7048 2723 34 20
Item_905.xnb 8036 989 52 18
Item_931.xnb 4138 7517 10 22
Item_96.xnb 7772 989 56 18
Item_964.xnb 7508 2725 40 16
Item_969.xnb 6820 2991 12 51
Item_98.xnb 7224 989 56 20
Item_986.xnb 8094 6383 48 24
LiquidSlope_10.xnb 6202 989 72 16
LiquidSlope_11.xnb 6274 989 72 16
LiquidSlope_12.xnb 6346 989 72 16
LiquidSlope_13.xnb 6418 989 72 16
LiquidSlope_14.xnb 6490 989 72 16
LiquidSlope_2.xnb 6562 989 72 16
LiquidSlope_3.xnb 6634 989 72 16
LiquidSlope_4.xnb 6706 989 72 16
LiquidSlope_5.xnb 6778 989 72 16
LiquidSlope_6.xnb 6850 989 72 16
LiquidSlope_7.xnb 6922 989 72 16
LiquidSlope_8.xnb 6994 989 72 16
LiquidSlope_9.xnb 7066 989 72 16
Lock_0.xnb 7272 2559 50 22
Lock_1.xnb 7322 2559 50 22
Map.xnb 5904 2743 928 248
Mount_Drill.xnb 8092 5703 90 180
Mount_MinecartMech.xnb 2938 4513 54 114
Mount_MinecartMechGlow.xnb 2938 6049 54 114
Mount_Turtle.xnb 904 3155 86 600
Mouse_Text_0 2704 3489 256 116
Mouse_Text_10 4280 3571 256 320
Mouse_Text_6 752 8007 256 180
NPC_102.xnb 1998 4271 48 168
NPC_113.xnb 2048 7941 142 212
NPC_125.xnb 3382 6651 110 1200
NPC_13.xnb 5852 2970 46 90
NPC_156.xnb 800 3155 104 500
NPC_222.xnb 480 5747 172 1824
NPC_225.xnb 7242 8071 48 120
NPC_243.xnb 3610 5833 78 1920
NPC_245.xnb 3504 3067 186 1218
NPC_291.xnb 3972 5587 68 1260
NPC_292.xnb 3798 6107 60 1260
NPC_329.xnb 3972 6847 68 440
NPC_344.xnb 240 5747 240 1900
NPC_346.xnb 5810 6415 126 1440
NPC_370.xnb 1796 3151 202 1298
NPC_372.xnb 4536 3571 120 296
NPC_373.xnb 5684 7855 120 296
NPC_386.xnb 4008 5055 32 506
NPC_387.xnb 6180 3795 32 104
NPC_391.xnb 8094 6059 90 324
NPC_392.xnb 800 1955 210 384
NPC_396.xnb 1594 4449 382 536
NPC_415.xnb 902 2555 102 560
NPC_420.xnb 8146 2743 44 312
NPC_43.xnb 2938 7585 52 108
NPC_453.xnb 3646 4285 44 1456
NPC_48.xnb 5520 6787 100 516
NPC_482.xnb 1998 3151 48 1120
NPC_488.xnb 990 3155 32 550
NPC_495.xnb 7482 7795 54 256
NPC_50.xnb 8008 7075 174 720
NPC_521.xnb 6196 7823 100 352
NPC_549.xnb 2048 4759 142 1632
NPC_579.xnb 7440 989 52 20
NPC_594.xnb 6416 2991 256 76
NPC_61.xnb 8108 3067 78 360
NPC_620.xnb 6196 6059 102 1764
NPC_67.xnb 980 3755 44 272
NPC_684.xnb 1976 4449 72 532
NPC_85.xnb 4008 4227 32 828
PVP_0.xnb 3690 7943 152 228
PVP_1.xnb 5888 989 108 18
Perlin.xnb 2192 5653 512 512
Portrait_Front.xnb 2704 5537 193 112
Projectile_130.xnb 6566 3795 100 100
Projectile_174.xnb 4138 7725 10 20
Projectile_176.xnb 4138 7745 10 20
Projectile_184.xnb 4138 7839 10 18
Projectile_186.xnb 4138 7977 10 16
Projectile_189.xnb 8178 3839 14 56
Projectile_190.xnb 5158 3795 30 104
Projectile_211.xnb 1000 7235 24 400
Projectile_212.xnb 7078 3795 100 100
Projectile_215.xnb 7590 3795 100 100
Projectile_237.xnb 8164 4503 28 112
Projectile_252.xnb 3842 7943 22 240
Projectile_274.xnb 7720 8149 52 42
Projectile_280.xnb 4138 7993 10 16
Projectile_288.xnb 4138 8009 10 16
Projectile_337.xnb 1010 1955 14 180
Projectile_351.xnb 2944 5025 46 116
Projectile_374.xnb 4138 7857 10 18
Projectile_445.xnb 4138 8025 10 16
Projectile_456.xnb 8170 5251 22 96
Projectile_46.xnb 6298 8091 100 100
Projectile_462.xnb 6776 7979 18 210
Projectile_48.xnb 1014 2387 10 24
Projectile_484.xnb 4138 8085 10 14
Projectile_490.xnb 7748 3431 408 408
Projectile_514.xnb 4138 8041 10 16
Projectile_54.xnb 1014 2411 10 24
Projectile_55.xnb 4138 7875 10 18
Projectile_602.xnb 8174 5347 18 200
Projectile_605.xnb 4138 7765 10 20
Projectile_612.xnb 7716 7795 52 260
Projectile_623.xnb 4040 5681 108 1748
Projectile_651.xnb 7748 3839 288 36
Projectile_677.xnb 8056 3899 124 336
Projectile_678.xnb 3504 7815 140 336
Projectile_679.xnb 8032 2235 142 336
Projectile_695.xnb 5520 7316 112 448
Projectile_696.xnb 3864 7369 176 720
Projectile_700.xnb 8092 5347 82 200
Projectile_702.xnb 8154 4987 38 240
Projectile_712.xnb 6418 7703 14 144
Projectile_715.xnb 8086 8163 48 28
Projectile_719.xnb 4138 7893 10 18
Projectile_758.xnb 6298 6407 136 1296
Projectile_76.xnb 4138 7539 10 22
Projectile_763.xnb 4138 7911 10 18
Projectile_820.xnb 3492 6891 12 56
Projectile_834.xnb 3798 7367 64 528
Projectile_835.xnb 5620 6787 64 528
Projectile_836.xnb 7280 989 56 20
Projectile_843.xnb 3610 7753 80 60
Projectile_847.xnb 2026 4985 22 140
Projectile_850.xnb 3864 8089 168 102
Projectile_923.xnb 6832 2743 802 208
Projectile_93.xnb 1014 2435 10 24
Projectile_946.xnb 400 8159 94 30
Projectile_958.xnb 3798 4271 62 1224
Projectile_961.xnb 7966 4263 200 240
Projectile_967.xnb 8166 4263 26 208
Projectile_971.xnb 4138 7561 10 22
Projectile_975.xnb 4138 7583 10 22
Rain.xnb 7306 8149 168 42
SantaTank.xnb 5936 6415 126 1440
Settings_Inputs_Border.xnb 6022 2547 66 32
Shoulder.xnb 800 2339 214 202
Splash_10_1.xnb 2192 6165 512 512
Splash_1_1.xnb 2192 6677 512 512
Splash_2_1.xnb 2192 7189 512 512
Splash_3_1.xnb 2992 3067 512 512
Splash_4_1.xnb 2992 3579 512 512
Splash_5_1.xnb 2992 4091 512 512
Splash_6_1.xnb 2992 4603 512 512
Splash_7_1.xnb 2992 5115 512 512
Splash_8_1.xnb 2992 5627 512 512
Splash_9_1.xnb 2992 6139 512 512
TileCracks.xnb 4040 8115 108 72
Tiles_10.xnb 3504 5833 106 1982
Tiles_102.xnb 600 7571 52 70
Tiles_106.xnb 2938 6561 54 108
Tiles_11.xnb 1452 3151 142 1982
Tiles_113.xnb 5406 2547 144 34
Tiles_115.xnb 2704 6561 234 90
Tiles_12.xnb 8156 3431 36 396
Tiles_124.xnb 2704 7073 234 90
Tiles_126.xnb 5690 2547 68 34
Tiles_127.xnb 2704 7585 234 90
Tiles_129.xnb 1594 4985 432 144
Tiles_134.xnb 6066 989 70 18
Tiles_139.xnb 2048 2743 144 2016
Tiles_170.xnb 2704 8097 234 90
Tiles_173.xnb 5620 2547 70 34
Tiles_186.xnb 3992 2695 1890 36
Tiles_189.xnb 6434 8099 234 90
Tiles_192.xnb 7306 8059 234 90
Tiles_194.xnb 7540 8059 234 90
Tiles_207.xnb 4280 3067 396 504
Tiles_209.xnb 6434 6893 360 486
Tiles_215.xnb 2992 2743 864 324
Tiles_240.xnb 2048 2581 1944 162
Tiles_26.xnb 902 3115 108 38
Tiles_260.xnb 3856 2970 324 90
Tiles_261.xnb 4180 2970 324 90
Tiles_262.xnb 4504 2970 324 90
Tiles_263.xnb 4880 2970 324 90
Tiles_264.xnb 5204 2970 324 90
Tiles_265.xnb 5528 2970 324 90
Tiles_272.xnb 0 8007 234 180
Tiles_29.xnb 7118 2723 36 18
Tiles_307.xnb 2938 7073 54 108
Tiles_316.xnb 986 7647 36 360
Tiles_326.xnb 6434 7379 234 720
Tiles_327.xnb 7306 7075 234 720
Tiles_328.xnb 7540 7075 234 720
Tiles_329.xnb 7774 7075 234 720
Tiles_34.xnb 1238 3151 214 2000
Tiles_341.xnb 0 7647 234 360
Tiles_342.xnb 752 7647 234 360
Tiles_343.xnb 7732 4263 234 360
Tiles_344.xnb 7732 4627 234 360
Tiles_379.xnb 7732 3899 324 360
Tiles_387.xnb 7154 2723 36 18
Tiles_390.xnb 4656 3571 18 252
Tiles_395.xnb 7540 8149 180 36
Tiles_406.xnb 8134 7795 54 392
Tiles_419.xnb 888 7627 52 16
Tiles_424.xnb 750 7627 54 16
Tiles_429.xnb 5120 2547 286 34
Tiles_435.xnb 5904 3031 486 36
Tiles_436.xnb 4660 8155 486 36
Tiles_441.xnb 3992 2581 2000 114
Tiles_442.xnb 800 4331 86 22
Tiles_452.xnb 6668 7379 108 810
Tiles_462.xnb 7786 2725 34 18
Tiles_467.xnb 6832 2951 612 114
Tiles_510.xnb 800 3755 180 288
Tiles_511.xnb 800 4043 180 288
Tiles_519.xnb 2704 4513 234 108
Tiles_520.xnb 4184 8175 36 16
Tiles_530.xnb 7468 2581 486 144
Tiles_550.xnb 3864 5587 108 1782
Tiles_551.xnb 4040 3899 108 1782
Tiles_552.xnb 7838 6367 208 36
Tiles_558.xnb 3690 4271 108 1836
Tiles_559.xnb 3690 6107 108 1836
Tiles_561.xnb 7954 2581 234 110
Tiles_583.xnb 7978 4987 176 264
Tiles_584.xnb 7306 7795 176 264
Tiles_585.xnb 7540 7795 176 264
Tiles_614.xnb 7818 6631 324 108
Tiles_616.xnb 830 6965 177 264
Tiles_79.xnb 2048 6391 144 1550
Tiles_86.xnb 7048 2547 52 34
Tiles_90.xnb 3504 4285 142 1548
Tiles_95.xnb 5758 2547 68 34
Tree_Tops_11.xnb 5188 3795 354 98
Tree_Tops_13.xnb 5700 3795 354 98
Tree_Tops_15.xnb 7732 4987 246 328
Tree_Tops_20.xnb 5992 2581 1476 142
Tree_Tops_21.xnb 652 7235 348 392
Tree_Tops_22.xnb 6212 3795 354 98
Tree_Tops_23.xnb 6724 3795 354 98
Tree_Tops_24.xnb 7236 3795 354 98
Tree_Tops_25.xnb 7818 6967 354 98
UI_BossBar.xnb 6298 6059 516 348
VK_Backspace.xnb 2812 7675 54 26
Waterfall_25.xnb 2192 8065 512 124
Waterfall_5.xnb 5904 2991 512 40
Waterfall_6.xnb 2992 8144 512 40
Waterfall_7.xnb 4148 8135 512 40
Waterfall_8.xnb 4660 8115 512 40
logo_5.xnb 0 1955 800 600
logo_6.xnb 0 2555 800 600
logo_7.xnb 0 3155 800 600
logo_8.xnb 0 3755 800 600
water_14.xnb 3864 4227 144 1360
