Achievement_Categories.xnb 8004 6323 136 68
Background_100.xnb 2372 3395 1024 600
Background_101.xnb 2372 3995 1024 600
Background_108.xnb 0 7914 1024 227
Background_110.xnb 2372 4595 1024 600
Background_111.xnb 2372 5195 1024 600
Background_115.xnb 2048 1557 1024 630
Background_116.xnb 3072 1557 1024 630
Background_117.xnb 8004 5099 160 96
Background_170.xnb 1024 3647 1024 660
Background_172.xnb 0 5817 1024 699
Background_173.xnb 0 6516 1024 699
Background_174.xnb 6468 6391 1024 584
Background_175.xnb 0 3017 1024 700
Background_177.xnb 2372 5795 1024 600
Background_178.xnb 2372 6395 1024 600
Background_179.xnb 0 7215 1024 699
Background_180.xnb 1024 858 1024 699
Background_181.xnb 2048 858 1024 699
Background_182.xnb 3072 858 1024 699
Background_183.xnb 4096 858 1024 699
Background_184.xnb 5120 858 1024 699
Background_209.xnb 2372 6995 1024 600
Background_210.xnb 3396 3395 1024 600
Background_229.xnb 6144 0 1024 759
Background_230.xnb 1024 2955 1024 692
Background_240.xnb 4420 3395 1024 600
Background_241.xnb 5444 3395 1024 600
Background_242.xnb 1024 0 1024 800
Background_245.xnb 0 3717 1024 700
Background_251.xnb 6144 858 1024 699
Background_252.xnb 7168 858 1024 699
Background_253.xnb 1024 1557 1024 699
Background_254.xnb 1024 2256 1024 699
Background_257.xnb 0 4417 1024 700
Background_258.xnb 0 858 1024 724
Background_263.xnb 4096 1557 1024 630
Background_265.xnb 7168 0 1024 727
Background_269.xnb 0 2304 1024 713
Background_275.xnb 6468 3395 1024 600
Background_276.xnb 3396 3995 1024 600
Background_277.xnb 0 5117 1024 700
Background_28.xnb 3396 4595 1024 600
Background_284.xnb 3072 0 1024 768
Background_285.xnb 4096 0 1024 768
Background_286.xnb 5120 0 1024 768
Background_289.xnb 2048 0 1024 778
Background_290.xnb 7798 4575 192 16
Background_59.xnb 0 1582 1024 722
Background_92.xnb 3396 5195 1024 600
Background_93.xnb 1024 4307 1024 660
Background_94.xnb 5120 1557 1024 630
Background_99.xnb 3396 5795 1024 600
Bat1.xnb 8176 6975 16 300
Bat2.xnb 8176 7275 16 260
BeetleOrb.xnb 8166 3923 26 68
Biome_Hallow.xnb 7824 5123 144 72
BlockReplace_1.xnb 8142 5695 50 22
Button_Wide_Border.xnb 8004 2763 114 28
Chain14.xnb 8118 2763 24 28
Cloud_10.xnb 8004 5717 182 74
Cloud_15.xnb 4906 768 210 82
Cloud_20.xnb 7894 727 296 116
Cloud_24.xnb 8004 3923 162 72
Cloud_35.xnb 7492 5123 332 62
Combat_Crit_105 1492 7847 512 344
Combat_Text_106 6864 759 256 96
Combat_Text_7 2048 7981 256 196
Cursor_11.xnb 3996 840 18 18
DSTNoise.xnb 7492 5795 512 512
Death_Text_102 3396 6395 1024 600
Death_Text_104 6468 7559 1024 568
Death_Text_12 7492 3395 512 548
Death_Text_13 7492 5195 512 520
Death_Text_14 7492 3995 512 540
Death_Text_16 7492 2791 512 564
Death_Text_33 2372 7595 1024 596
Death_Text_34 2372 2187 1024 604
Death_Text_35 3396 2187 1024 604
Death_Text_4 7492 4595 512 528
Death_Text_42 3396 6995 1024 600
Death_Text_44 4420 2187 1024 604
Death_Text_45 5444 2187 1024 604
Death_Text_49 4420 3995 1024 600
Death_Text_50 6468 2187 1024 604
Death_Text_51 2372 2791 1024 604
Death_Text_52 3396 7595 1024 596
Death_Text_53 6468 6975 1024 584
Death_Text_54 5444 3995 1024 600
Death_Text_55 6468 3995 1024 600
Death_Text_56 4420 4595 1024 600
Death_Text_57 5444 4595 1024 600
Death_Text_58 6468 4595 1024 600
Death_Text_61 4420 7595 1024 596
Death_Text_65 5444 6987 1024 592
Death_Text_69 3396 2791 1024 604
Death_Text_7 7492 2187 512 572
Death_Text_74 6468 5195 1024 596
Death_Text_80 4420 5195 1024 600
Death_Text_81 4420 2791 1024 604
Death_Text_82 4420 5795 1024 600
Death_Text_86 5444 5795 1024 596
Death_Text_87 4420 6395 1024 600
Death_Text_88 6468 5795 1024 596
Death_Text_89 5444 7579 1024 592
Death_Text_91 5444 2791 1024 604
Death_Text_92 6468 2791 1024 604
Death_Text_93 4420 6995 1024 600
Death_Text_97 5444 6391 1024 596
Death_Text_98 5444 5195 1024 600
Extra_101.xnb 7062 8127 394 34
Extra_104.xnb 1780 800 264 48
Extra_156.xnb 7492 6391 512 512
Extra_158.xnb 7892 6975 174 1204
Extra_172.xnb 8004 2187 138 576
Extra_212.xnb 2004 7847 44 320
Eye_Laser.xnb 8066 6975 110 1200
FlameRing.xnb 7492 6975 400 1200
Flame_0.xnb 8004 5795 132 528
Glow_157.xnb 8148 4435 44 60
Glow_192.xnb 2304 7981 68 210
Glow_193.xnb 7990 4575 14 20
Glow_201.xnb 8004 3995 144 504
Glow_214.xnb 7492 8175 286 16
Glow_220.xnb 7002 8165 60 27
Glow_226.xnb 2048 6111 302 1870
Glow_27.xnb 1744 836 36 22
Glow_285.xnb 8004 2791 138 576
Glow_49.xnb 8148 3995 42 440
Glow_80.xnb 7992 2759 12 32
Gore_10.xnb 6092 768 52 80
Gore_1013.xnb 952 8141 71 44
Gore_104.xnb 8176 8127 16 44
Gore_1097.xnb 2288 8177 16 14
Gore_1272.xnb 1960 6307 88 100
Gore_1352.xnb 8154 3899 38 24
Gore_1381.xnb 8182 843 10 14
Gore_236.xnb 8124 3367 18 28
Gore_29.xnb 2336 6049 36 60
Gore_400.xnb 8148 5015 42 80
Gore_513.xnb 8136 6251 54 72
Gore_538.xnb 8140 6323 48 68
Gore_573.xnb 4014 768 76 90
Gore_677.xnb 6458 8171 10 20
Gore_708.xnb 2350 6111 18 300
Gore_709.xnb 2350 6411 18 300
Gore_710.xnb 2350 6711 18 300
Gore_711.xnb 2350 7011 18 300
Gore_712.xnb 2350 7311 18 300
Gore_713.xnb 2350 7611 18 300
Hue.xnb 4402 840 178 16
Infinite_Powers.xnb 1024 800 756 36
Item_1385.xnb 7894 843 24 14
Item_1457.xnb 7918 843 24 14
Item_1702.xnb 7942 843 24 14
Item_1781.xnb 7966 843 24 14
Item_1818.xnb 7990 843 24 14
Item_1911.xnb 8164 5099 28 96
Item_2083.xnb 7446 8161 10 30
Item_2367.xnb 8014 843 24 14
Item_2424.xnb 8142 3349 48 46
Item_2518.xnb 8038 843 24 14
Item_2549.xnb 8062 843 24 14
Item_2566.xnb 8086 843 24 14
Item_2581.xnb 8110 843 24 14
Item_2628.xnb 8134 843 24 14
Item_2629.xnb 8158 843 24 14
Item_266.xnb 2004 8167 44 24
Item_2744.xnb 2048 8177 24 14
Item_2822.xnb 2072 8177 24 14
Item_3144.xnb 2096 8177 24 14
Item_3146.xnb 2120 8177 24 14
Item_3622.xnb 2144 8177 24 14
Item_3638.xnb 2168 8177 24 14
Item_3639.xnb 2192 8177 24 14
Item_3640.xnb 2216 8177 24 14
Item_3641.xnb 2240 8177 24 14
Item_3642.xnb 2264 8177 24 14
Item_4011.xnb 7968 5123 34 72
Item_506.xnb 8138 8175 54 16
LiquidSlope_1.xnb 8066 8175 72 16
Liquid_14.xnb 2668 778 306 72
Liquid_2.xnb 1438 836 306 16
Liquid_3.xnb 3528 840 306 16
Liquid_4.xnb 4096 840 306 16
Liquid_5.xnb 646 8175 306 16
Liquid_6.xnb 7492 4575 306 16
Liquid_7.xnb 5444 8171 306 16
Liquid_8.xnb 5750 8171 306 16
Liquid_9.xnb 6056 8171 306 16
MiniMinotaur.xnb 8142 5195 48 500
NPC_260.xnb 7120 759 46 92
NPC_305.xnb 8148 4595 44 420
NPC_351.xnb 1960 4967 82 1340
NPC_509.xnb 8004 5195 138 522
NPC_528.xnb 8142 2791 50 558
NPC_618.xnb 8004 3395 150 528
Outer_Crimson.xnb 2048 778 620 70
Projectile_369.xnb 2350 7911 22 70
Projectile_435.xnb 7456 8127 34 64
Projectile_499.xnb 8142 2187 50 600
Projectile_590.xnb 6362 8171 96 20
Projectile_591.xnb 8176 7735 16 196
Projectile_714.xnb 1960 7611 80 224
Projectile_840.xnb 3072 768 456 78
Projectile_908.xnb 7062 8161 288 28
Projectile_918.xnb 8004 3367 120 24
Projectile_919.xnb 6882 8165 120 24
Shroom_Tops.xnb 8004 6919 186 44
SlimeBalloons.xnb 8176 7931 14 196
Stat_Defense.xnb 7906 6943 96 31
Stat_HP.xnb 7350 8161 96 31
Text_Back.xnb 7492 2759 500 32
Tiles_13.xnb 3834 840 162 18
Tiles_135.xnb 8176 7535 16 200
Tiles_15.xnb 2336 4131 36 1918
Tiles_17.xnb 8136 5795 54 456
Tiles_2.xnb 2048 4131 288 1980
Tiles_20.xnb 6468 8127 594 38
Tiles_201.xnb 1024 836 414 22
Tiles_218.xnb 8136 6847 54 72
Tiles_233.xnb 3528 768 486 72
Tiles_24.xnb 7492 6943 414 22
Tiles_242.xnb 2048 2187 324 1944
Tiles_255.xnb 4582 768 324 90
Tiles_256.xnb 5120 768 324 90
Tiles_257.xnb 5444 768 324 90
Tiles_258.xnb 5768 768 324 90
Tiles_259.xnb 1024 8099 324 90
Tiles_4.xnb 8004 6391 132 528
Tiles_410.xnb 8004 4595 144 504
Tiles_469.xnb 0 8141 646 38
Tiles_50.xnb 7778 8175 106 16
Tiles_521.xnb 8154 3395 36 504
Tiles_547.xnb 8004 4499 180 90
Tiles_597.xnb 4096 768 486 72
Tiles_61.xnb 6468 8165 414 22
Tiles_623.xnb 1348 8099 144 90
Tiles_74.xnb 646 8141 306 34
Tiles_77.xnb 8136 6391 54 456
Tree_Tops_29.xnb 6144 759 360 98
Tree_Tops_30.xnb 6504 759 360 98
Underworld 2.xnb 6144 1557 1024 630
Underworld 3.xnb 7168 1557 1024 630
Underworld 9.xnb 0 0 1024 858
Wall_185.xnb 1024 7847 468 252
Wall_226.xnb 1024 4967 468 1440
Wall_227.xnb 1492 4967 468 1440
Wall_242.xnb 1024 6407 468 1440
Wall_243.xnb 1492 6407 468 1440
Waterfall_1.xnb 7492 3355 512 40
Waterfall_10.xnb 7492 3943 512 40
Waterfall_13.xnb 7492 4535 512 40
Waterfall_14.xnb 7492 5715 512 40
Waterfall_15.xnb 7492 5755 512 40
Waterfall_16.xnb 7492 6307 512 40
Waterfall_17.xnb 7492 6347 512 40
Waterfall_18.xnb 7492 6903 512 40
Wings_40.xnb 1960 6407 86 1204
Wyvern.xnb 2974 778 92 80
Xmas_2.xnb 7168 727 726 130
