Acc_Balloon_17.xnb 8136 1392 56 224
Acc_Shield_5.xnb 7550 5024 44 1120
Acc_Shield_9.xnb 7594 5024 44 1120
Achievement_InnerPanelBottom.xnb 8170 7076 19 39
Achievement_InnerPanelBottom_Large.xnb 4268 7595 19 60
Angler_Default.xnb 7290 6144 40 1334
Angler_Default_Party.xnb 7330 6144 40 1334
Armor_1.xnb 468 720 360 224
Armor_10.xnb 468 944 360 224
Armor_100.xnb 468 1168 360 224
Armor_101.xnb 468 1392 360 224
Armor_102.xnb 468 1616 360 224
Armor_103.xnb 468 1840 360 224
Armor_104.xnb 468 2064 360 224
Armor_105.xnb 468 2288 360 224
Armor_106.xnb 468 2512 360 224
Armor_11.xnb 468 2736 360 224
Armor_12.xnb 468 2960 360 224
Armor_13.xnb 468 3184 360 224
Armor_14.xnb 468 3408 360 224
Armor_15.xnb 468 3632 360 224
Armor_16.xnb 468 3856 360 224
Armor_165.xnb 468 4080 360 224
Armor_166.xnb 468 4304 360 224
Armor_167.xnb 468 4528 360 224
Armor_168.xnb 468 4752 360 224
Armor_169.xnb 468 4976 360 224
Armor_17.xnb 468 5200 360 224
Armor_170.xnb 468 5424 360 224
Armor_171.xnb 468 5648 360 224
Armor_172.xnb 468 5872 360 224
Armor_173.xnb 468 6096 360 224
Armor_174.xnb 468 6320 360 224
Armor_177.xnb 468 6544 360 224
Armor_178.xnb 468 6768 360 224
Armor_18.xnb 468 6992 360 224
Armor_180.xnb 468 7216 360 224
Armor_181.xnb 468 7440 360 224
Armor_182.xnb 468 7664 360 224
Armor_183.xnb 468 7888 360 224
Armor_184.xnb 828 720 360 224
Armor_185.xnb 1188 720 360 224
Armor_186.xnb 1548 720 360 224
Armor_187.xnb 1908 720 360 224
Armor_188.xnb 2268 720 360 224
Armor_189.xnb 2628 720 360 224
Armor_19.xnb 2988 720 360 224
Armor_191.xnb 3348 720 360 224
Armor_192.xnb 3708 720 360 224
Armor_193.xnb 4068 720 360 224
Armor_195.xnb 4428 720 360 224
Armor_196.xnb 4788 720 360 224
Armor_197.xnb 5148 720 360 224
Armor_198.xnb 5508 720 360 224
Armor_199.xnb 5868 720 360 224
Armor_2.xnb 6228 720 360 224
Armor_20.xnb 6588 720 360 224
Armor_200.xnb 6948 720 360 224
Armor_201.xnb 7308 720 360 224
Armor_202.xnb 7668 720 360 224
Armor_203.xnb 828 944 360 224
Armor_204.xnb 1188 944 360 224
Armor_206.xnb 1548 944 360 224
Armor_207.xnb 1908 944 360 224
Armor_209.xnb 2268 944 360 224
Armor_21.xnb 2628 944 360 224
Armor_210.xnb 2988 944 360 224
Armor_211.xnb 3348 944 360 224
Armor_212.xnb 3708 944 360 224
Armor_213.xnb 4068 944 360 224
Armor_214.xnb 4428 944 360 224
Armor_215.xnb 4788 944 360 224
Armor_216.xnb 5148 944 360 224
Armor_217.xnb 5508 944 360 224
Armor_218.xnb 5868 944 360 224
Armor_219.xnb 6228 944 360 224
Armor_22.xnb 6588 944 360 224
Armor_220.xnb 6948 944 360 224
Armor_221.xnb 7308 944 360 224
Armor_222.xnb 7668 944 360 224
Armor_223.xnb 828 1168 360 224
Armor_224.xnb 828 1392 360 224
Armor_225.xnb 828 1616 360 224
Armor_226.xnb 828 1840 360 224
Armor_228.xnb 828 2064 360 224
Armor_229.xnb 828 2288 360 224
Armor_23.xnb 828 2512 360 224
Armor_230.xnb 828 2736 360 224
Armor_231.xnb 828 2960 360 224
Armor_232.xnb 828 3184 360 224
Armor_233.xnb 828 3408 360 224
Armor_234.xnb 828 3632 360 224
Armor_235.xnb 828 3856 360 224
Armor_236.xnb 828 4080 360 224
Armor_24.xnb 828 4304 360 224
Armor_240.xnb 828 4528 360 224
Armor_241.xnb 828 4752 360 224
Armor_242.xnb 828 4976 360 224
Armor_243.xnb 828 5200 360 224
Armor_244.xnb 828 5424 360 224
Armor_245.xnb 828 5648 360 224
Armor_246.xnb 828 5872 360 224
Armor_247.xnb 828 6096 360 224
Armor_25.xnb 828 6320 360 224
Armor_26.xnb 828 6544 360 224
Armor_27.xnb 828 6768 360 224
Armor_28.xnb 828 6992 360 224
Armor_29.xnb 828 7216 360 224
Armor_3.xnb 828 7440 360 224
Armor_30.xnb 828 7664 360 224
Armor_31.xnb 828 7888 360 224
Armor_32.xnb 1188 1168 360 224
Armor_33.xnb 1548 1168 360 224
Armor_34.xnb 1908 1168 360 224
Armor_35.xnb 2268 1168 360 224
Armor_36.xnb 2628 1168 360 224
Armor_37.xnb 2988 1168 360 224
Armor_38.xnb 3348 1168 360 224
Armor_39.xnb 3708 1168 360 224
Armor_4.xnb 4068 1168 360 224
Armor_40.xnb 4428 1168 360 224
Armor_41.xnb 4788 1168 360 224
Armor_42.xnb 5148 1168 360 224
Armor_43.xnb 5508 1168 360 224
Armor_44.xnb 5868 1168 360 224
Armor_45.xnb 6228 1168 360 224
Armor_46.xnb 6588 1168 360 224
Armor_47.xnb 6948 1168 360 224
Armor_48.xnb 7308 1168 360 224
Armor_49.xnb 7668 1168 360 224
Armor_5.xnb 1188 1392 360 224
Armor_50.xnb 1188 1616 360 224
Armor_51.xnb 1188 1840 360 224
Armor_52.xnb 1188 2064 360 224
Armor_53.xnb 1188 2288 360 224
Armor_54.xnb 1188 2512 360 224
Armor_55.xnb 1188 2736 360 224
Armor_56.xnb 1188 2960 360 224
Armor_57.xnb 1188 3184 360 224
Armor_58.xnb 1188 3408 360 224
Armor_59.xnb 1188 3632 360 224
Armor_6.xnb 1188 3856 360 224
Armor_60.xnb 1188 4080 360 224
Armor_61.xnb 1188 4304 360 224
Armor_62.xnb 1188 4528 360 224
Armor_63.xnb 1188 4752 360 224
Armor_64.xnb 1188 4976 360 224
Armor_65.xnb 1188 5200 360 224
Armor_66.xnb 1188 5424 360 224
Armor_67.xnb 1188 5648 360 224
Armor_68.xnb 1188 5872 360 224
Armor_69.xnb 1188 6096 360 224
Armor_7.xnb 1188 6320 360 224
Armor_70.xnb 1188 6544 360 224
Armor_71.xnb 1188 6768 360 224
Armor_72.xnb 1188 6992 360 224
Armor_73.xnb 1188 7216 360 224
Armor_74.xnb 1188 7440 360 224
Armor_75.xnb 1188 7664 360 224
Armor_76.xnb 1188 7888 360 224
Armor_77.xnb 1548 1392 360 224
Armor_78.xnb 1908 1392 360 224
Armor_79.xnb 2268 1392 360 224
Armor_8.xnb 2628 1392 360 224
Armor_80.xnb 2988 1392 360 224
Armor_81.xnb 3348 1392 360 224
Armor_82.xnb 3708 1392 360 224
Armor_83.xnb 4068 1392 360 224
Armor_84.xnb 4428 1392 360 224
Armor_85.xnb 4788 1392 360 224
Armor_86.xnb 5148 1392 360 224
Armor_87.xnb 5508 1392 360 224
Armor_88.xnb 5868 1392 360 224
Armor_89.xnb 6228 1392 360 224
Armor_9.xnb 6588 1392 360 224
Armor_90.xnb 6948 1392 360 224
Armor_91.xnb 7308 1392 360 224
Armor_92.xnb 7668 1392 360 224
Armor_93.xnb 1548 1616 360 224
Armor_94.xnb 1908 1616 360 224
Armor_95.xnb 2268 1616 360 224
Armor_96.xnb 2628 1616 360 224
Armor_97.xnb 2988 1616 360 224
Armor_98.xnb 3348 1616 360 224
Armor_99.xnb 3708 1616 360 224
Armor_Head_113.xnb 4438 5214 38 1100
Armor_Head_259.xnb 7182 5024 46 1080
Armor_Head_265.xnb 4266 6644 20 60
Armor_Head_270.xnb 4378 5214 60 1120
Armor_Head_65.xnb 4438 6334 38 1100
Armor_Legs_226.xnb 6164 5024 52 1120
ArmsDealer_Default.xnb 6936 6144 40 1400
BackPack_7.xnb 6836 5024 46 1120
Background.xnb 4772 4528 32 2048
Background_0.xnb 4142 6700 48 1400
Background_157.xnb 2826 668 160 48
Background_158.xnb 2986 668 160 48
Background_159.xnb 3274 670 160 48
Background_185.xnb 3434 670 160 48
Background_186.xnb 3670 672 160 48
Background_187.xnb 3830 672 160 48
Background_49.xnb 5496 5772 48 1300
Beam.xnb 4196 5798 70 1017
BestiaryGirl_Default.xnb 6684 6144 42 1334
BestiaryGirl_Default_Credits.xnb 6726 6144 42 1334
BestiaryGirl_Default_Transformed.xnb 6768 6144 42 1334
Bubble.xnb 8134 1146 22 22
Bunny_Angora.xnb 7228 5024 46 1080
Bunny_Dutch.xnb 7274 5024 46 1080
Bunny_Flemish.xnb 7320 5024 46 1080
Bunny_Lop.xnb 7366 5024 46 1080
Bunny_Silver.xnb 7412 5024 46 1080
Bunny_White.xnb 7458 5024 46 1080
ButterflySwarm1.xnb 6852 7478 40 646
ButterflySwarm2.xnb 5496 4784 64 988
Cat_Black.xnb 7638 5024 44 1120
Cat_OrangeTabby.xnb 7682 5024 44 1120
Cat_RussianBlue.xnb 7726 5024 44 1120
Cat_Siamese.xnb 7770 5024 44 1120
Cat_Silver.xnb 7814 5024 44 1120
Cat_White.xnb 7858 5024 44 1120
Chain21.xnb 2400 704 16 16
Chain27.xnb 2416 704 16 16
Clothier_Default.xnb 5320 4784 48 1334
Clothier_Default_Party.xnb 5320 6118 48 1334
Cloud_1.xnb 7242 652 192 64
Cloud_19.xnb 3670 540 372 132
Cloud_21.xnb 6858 652 226 68
Cloud_8.xnb 468 8112 238 72
Combat_Crit_1 5066 540 256 168
Combat_Crit_18 7616 4248 256 260
Combat_Crit_7 3766 3684 256 284
Combat_Text_12 4022 3684 256 284
Combat_Text_13 5722 4784 256 240
Combat_Text_15 3766 7944 256 248
Combat_Text_16 7876 4528 256 244
Combat_Text_17 4516 6712 256 256
Combat_Text_18 2276 8004 256 188
Combat_Text_2 5056 4248 256 276
Combat_Text_3 2020 2672 256 300
Combat_Text_6 4516 6968 256 256
Combat_Text_8 6852 4528 256 252
Cursor_1.xnb 1466 8177 14 14
Cursor_12.xnb 2002 7790 18 18
Cursor_4.xnb 8174 3126 18 18
Cyborg_Default.xnb 6164 6144 40 1456
Cyborg_Default_Party.xnb 6204 6144 40 1456
Demolitionist_Default.xnb 3428 6570 52 1400
Demolitionist_Default_Party.xnb 3480 6570 52 1400
Dog_Husky.xnb 1908 2772 70 1064
Dog_Labrador.xnb 1908 3836 70 1064
Dog_PitBull.xnb 1908 4900 70 1064
DyeTrader_Default.xnb 5276 6240 40 1600
DyeTrader_Default_Party.xnb 5416 4784 40 1600
EOS2.xnb 5092 8080 42 112
EOS3.xnb 3684 6474 32 88
Extra_1.xnb 3684 5130 32 220
Extra_105.xnb 7990 6032 40 112
Extra_132.xnb 6746 4976 154 48
Extra_149.xnb 6894 7478 42 600
Extra_166.xnb 4196 3968 92 780
Extra_176.xnb 2432 704 16 16
Extra_18.xnb 7971 652 38 68
Extra_183.xnb 5996 7824 36 368
Extra_184.xnb 6038 7824 36 368
Extra_189.xnb 4516 7224 256 256
Extra_190.xnb 4516 7480 256 256
Extra_191.xnb 4516 7736 256 256
Extra_192.xnb 4804 4528 256 256
Extra_193.xnb 5060 4528 256 256
Extra_194.xnb 5316 4528 256 256
Extra_195.xnb 5572 4528 256 256
Extra_196.xnb 5828 4528 256 256
Extra_197.xnb 6084 4528 256 256
Extra_198.xnb 4142 5300 50 1400
Extra_202.xnb 6204 7600 36 576
Extra_210.xnb 6340 4528 256 256
Extra_213.xnb 6770 5808 58 320
Extra_23.xnb 8170 7403 22 28
Extra_242.xnb 6080 7824 36 368
Extra_253.xnb 4196 6815 90 780
Extra_254.xnb 4288 4528 90 780
Extra_258.xnb 1480 8177 14 14
Extra_265.xnb 4476 7872 40 320
Extra_51.xnb 1155 8112 32 80
Extra_63.xnb 4354 6598 22 42
Extra_71.xnb 7522 8006 102 168
Extra_76.xnb 6768 8150 42 42
Extra_90.xnb 6976 8138 40 54
Flame_10.xnb 6594 5920 54 216
Flame_11.xnb 6942 5864 54 270
Flame_13.xnb 7256 6144 34 1620
Flame_14.xnb 828 8112 106 72
Flame_8.xnb 8050 7742 86 248
Gem_2.xnb 7930 7432 40 40
Gem_5.xnb 4334 8164 40 28
Gem_6.xnb 7970 7432 40 40
Ghost.xnb 8156 1168 34 176
Glow_100.xnb 6684 7478 42 640
Glow_102.xnb 5594 706 18 14
Glow_103.xnb 2804 8172 16 20
Glow_104.xnb 3092 8172 16 20
Glow_105.xnb 3380 8172 16 20
Glow_106.xnb 7856 4508 16 20
Glow_107.xnb 8112 4508 16 20
Glow_110.xnb 8122 3144 64 252
Glow_111.xnb 2276 2064 288 270
Glow_117.xnb 6894 8078 36 114
Glow_118.xnb 7370 8094 36 88
Glow_119.xnb 7450 8134 70 54
Glow_127.xnb 7504 1840 242 216
Glow_128.xnb 7990 5024 48 1008
Glow_136.xnb 5320 7452 46 726
Glow_137.xnb 4746 6080 26 100
Glow_141.xnb 3428 7970 52 216
Glow_145.xnb 5560 7538 68 648
Glow_148.xnb 4354 6010 24 48
Glow_150.xnb 8086 5024 52 910
Glow_151.xnb 4900 7504 46 660
Glow_153.xnb 4288 5308 66 1050
Glow_160.xnb 5764 5024 56 1080
Glow_166.xnb 4772 6576 32 1380
Glow_167.xnb 6244 6144 40 1456
Glow_173.xnb 4266 6524 22 60
Glow_179.xnb 4354 5834 24 60
Glow_189.xnb 8168 1960 24 104
Glow_224.xnb 5560 4784 68 918
Glow_229.xnb 3684 5994 28 192
Glow_237.xnb 4996 8120 46 72
Glow_276.xnb 7256 7764 34 418
Glow_279.xnb 4804 7504 46 682
Glow_288.xnb 4354 5618 24 72
Glow_289.xnb 6244 7600 36 576
Glow_29.xnb 8162 4504 30 24
Glow_298.xnb 324 8100 108 90
Glow_305.xnb 4378 6334 60 1120
Glow_307.xnb 6216 5024 52 1120
Glow_309.xnb 6484 1840 252 224
Glow_317.xnb 2728 576 84 126
Glow_325.xnb 7136 8138 36 54
Glow_336.xnb 2564 2064 288 270
Glow_337.xnb 2852 2064 288 270
Glow_338.xnb 3140 2064 288 270
Glow_339.xnb 3428 2064 288 270
Glow_340.xnb 3716 2064 288 270
Glow_341.xnb 4004 2064 288 270
Glow_348.xnb 4292 2064 288 270
Glow_349.xnb 4580 2064 288 270
Glow_350.xnb 6284 6144 40 1456
Glow_351.xnb 6324 6144 40 1456
Glow_46.xnb 7852 8166 22 26
Glow_50.xnb 7062 5864 52 272
Glow_51.xnb 7410 8094 36 88
Glow_55.xnb 6362 652 106 54
Glow_62.xnb 7176 8138 36 54
Glow_74.xnb 3108 8164 32 28
Glow_76.xnb 8100 1146 34 22
Glow_85.xnb 8036 2312 34 22
Glow_86.xnb 8170 7115 22 32
Glow_92.xnb 8036 3144 86 264
Glow_93.xnb 2448 704 16 16
Glow_94.xnb 4868 2064 288 270
Glow_99.xnb 5216 8172 16 20
GoblinTinkerer_Default.xnb 6976 6144 40 1400
GolfBall_Arrow_Shadow.xnb 8128 1808 20 32
Golfer_Default.xnb 5954 5024 42 1400
Golfer_Default_Party.xnb 5954 6424 42 1400
Gore_1002.xnb 8036 3102 88 38
Gore_1012.xnb 5612 706 18 14
Gore_1017.xnb 5630 706 18 14
Gore_1028.xnb 1818 704 14 16
Gore_1033.xnb 2464 704 16 16
Gore_1036.xnb 2480 704 16 16
Gore_1039.xnb 2496 704 16 16
Gore_1052.xnb 5860 7428 14 22
Gore_1053.xnb 5628 8154 46 38
Gore_1056.xnb 1494 8177 14 14
Gore_1062.xnb 1508 8177 14 14
Gore_1082.xnb 6746 652 80 68
Gore_109.xnb 4948 8164 40 28
Gore_1099.xnb 2002 7700 18 30
Gore_1104.xnb 956 704 22 14
Gore_1110.xnb 1698 704 20 14
Gore_1111.xnb 2512 704 16 16
Gore_1117.xnb 5322 540 384 112
Gore_1118.xnb 5706 540 384 112
Gore_1119.xnb 6090 540 384 112
Gore_1120.xnb 6474 540 384 112
Gore_1121.xnb 6858 540 384 112
Gore_114.xnb 2002 7730 18 30
Gore_1187.xnb 7016 8138 38 52
Gore_1197.xnb 1290 8177 12 14
Gore_1198.xnb 978 704 22 14
Gore_120.xnb 7850 7432 40 42
Gore_1235.xnb 2528 704 16 16
Gore_1237.xnb 2544 704 16 16
Gore_1238.xnb 5544 5772 16 24
Gore_1239.xnb 2560 704 16 16
Gore_1240.xnb 5544 5796 16 24
Gore_1241.xnb 2576 704 16 16
Gore_1242.xnb 5544 5820 16 24
Gore_1243.xnb 2592 704 16 16
Gore_1244.xnb 5544 5844 16 24
Gore_1245.xnb 2608 704 16 16
Gore_1246.xnb 5544 5868 16 24
Gore_1247.xnb 2624 704 16 16
Gore_1251.xnb 936 576 448 128
Gore_1252.xnb 1384 576 448 128
Gore_1253.xnb 1832 576 448 128
Gore_1254.xnb 2280 576 448 128
Gore_1255.xnb 2826 540 448 128
Gore_126.xnb 1522 8177 14 14
Gore_1279.xnb 5648 706 18 14
Gore_128.xnb 1242 8177 16 14
Gore_1281.xnb 5666 706 18 14
Gore_1285.xnb 1718 704 20 14
Gore_1287.xnb 1738 704 20 14
Gore_1289.xnb 1758 704 20 14
Gore_1290.xnb 2640 704 16 16
Gore_1292.xnb 1778 704 20 14
Gore_1293.xnb 2656 704 16 16
Gore_1296.xnb 2672 704 16 16
Gore_1299.xnb 1798 704 20 14
Gore_1300.xnb 2688 704 16 16
Gore_1302.xnb 1832 704 20 14
Gore_1306.xnb 1258 8177 16 14
Gore_1310.xnb 1548 8177 14 14
Gore_1313.xnb 1562 8177 14 14
Gore_1315.xnb 1852 704 20 14
Gore_1316.xnb 2704 704 16 16
Gore_1322.xnb 1872 704 20 14
Gore_1326.xnb 5684 706 18 14
Gore_1329.xnb 1892 704 20 14
Gore_1330.xnb 7002 5008 16 16
Gore_1334.xnb 7018 5008 16 16
Gore_1339.xnb 8170 7147 22 32
Gore_1343.xnb 6376 6118 20 26
Gore_1347.xnb 1912 704 20 14
Gore_1349.xnb 6362 706 18 14
Gore_1351.xnb 4354 7384 24 24
Gore_1360.xnb 1536 8177 12 14
Gore_1367.xnb 6380 706 18 14
Gore_1369.xnb 3396 8164 32 28
Gore_14.xnb 7810 7432 38 46
Gore_145.xnb 4082 8120 58 72
Gore_15.xnb 7056 8138 38 52
Gore_160.xnb 7034 5008 16 16
Gore_162.xnb 7050 5008 16 16
Gore_165.xnb 7794 8158 12 24
Gore_169.xnb 1932 704 20 14
Gore_172.xnb 1274 8177 16 14
Gore_174.xnb 5902 8178 12 14
Gore_184.xnb 8118 2574 26 30
Gore_187.xnb 6334 6118 42 26
Gore_189.xnb 6398 706 18 14
Gore_19.xnb 6980 4976 22 38
Gore_206.xnb 8070 2312 34 22
Gore_212.xnb 7066 5008 16 16
Gore_232.xnb 6416 706 18 14
Gore_255.xnb 1303 8177 16 14
Gore_259.xnb 1428 704 18 16
Gore_263.xnb 1952 704 20 14
Gore_271.xnb 8078 2574 40 30
Gore_284.xnb 1319 8177 16 14
Gore_301.xnb 1972 704 20 14
Gore_302.xnb 7082 5008 16 16
Gore_31.xnb 1992 704 20 14
Gore_310.xnb 1000 704 22 14
Gore_318.xnb 8170 6182 22 36
Gore_32.xnb 1446 704 18 16
Gore_321.xnb 7098 5008 16 16
Gore_326.xnb 4354 6640 22 42
Gore_331.xnb 1576 8177 14 14
Gore_334.xnb 1022 704 22 14
Gore_34.xnb 6434 706 18 14
Gore_341.xnb 1590 8177 14 14
Gore_355.xnb 1464 704 18 16
Gore_362.xnb 4354 7348 24 36
Gore_37.xnb 2012 704 20 14
Gore_371.xnb 4268 8159 20 32
Gore_373.xnb 1482 704 18 16
Gore_38.xnb 7114 5008 16 16
Gore_390.xnb 4746 6180 26 44
Gore_392.xnb 7770 7432 40 44
Gore_393.xnb 7890 7432 38 44
Gore_397.xnb 4378 8102 98 90
Gore_4.xnb 1044 704 22 14
Gore_40.xnb 2032 704 20 14
Gore_44.xnb 1500 704 18 16
Gore_46.xnb 2052 704 20 14
Gore_47.xnb 1335 8177 16 14
Gore_484.xnb 8122 3644 70 40
Gore_489.xnb 2072 704 20 14
Gore_492.xnb 1066 704 22 14
Gore_493.xnb 6452 706 18 14
Gore_499.xnb 1604 8177 14 14
Gore_509.xnb 6810 8128 42 62
Gore_51.xnb 1518 704 18 16
Gore_534.xnb 1618 8177 14 14
Gore_548.xnb 1536 704 18 16
Gore_551.xnb 7130 5008 16 16
Gore_558.xnb 2092 704 20 14
Gore_56.xnb 5232 8116 44 76
Gore_565.xnb 1088 704 22 14
Gore_575.xnb 6450 6088 78 56
Gore_578.xnb 8104 2312 34 22
Gore_587.xnb 4354 7108 22 40
Gore_59.xnb 2112 704 20 14
Gore_591.xnb 4354 7148 22 40
Gore_594.xnb 4354 7188 22 40
Gore_597.xnb 8170 6614 20 38
Gore_6.xnb 2132 704 20 14
Gore_60.xnb 7146 5008 16 16
Gore_600.xnb 4354 7228 22 40
Gore_603.xnb 1632 8177 14 14
Gore_612.xnb 3594 670 76 42
Gore_642.xnb 2152 704 20 14
Gore_645.xnb 5860 7450 14 22
Gore_648.xnb 5860 7472 14 22
Gore_65.xnb 2172 704 20 14
Gore_654.xnb 5544 5892 16 24
Gore_658.xnb 5860 7494 14 22
Gore_66.xnb 7162 5008 16 16
Gore_660.xnb 1646 8177 14 14
Gore_663.xnb 2812 602 14 24
Gore_671.xnb 1351 8177 16 14
Gore_674.xnb 1040 8177 18 14
Gore_688.xnb 3716 8146 46 46
Gore_696.xnb 1058 8177 18 14
Gore_724.xnb 7178 5008 16 16
Gore_726.xnb 7194 5008 16 16
Gore_74.xnb 2192 704 20 14
Gore_75.xnb 7210 5008 16 16
Gore_759.xnb 7226 5008 16 16
Gore_760.xnb 7242 5008 16 16
Gore_761.xnb 7258 5008 16 16
Gore_762.xnb 7274 5008 16 16
Gore_763.xnb 7290 5008 16 16
Gore_764.xnb 7306 5008 16 16
Gore_765.xnb 7322 5008 16 16
Gore_766.xnb 7338 5008 16 16
Gore_767.xnb 7354 5008 16 16
Gore_77.xnb 7370 5008 16 16
Gore_773.xnb 5544 5916 16 24
Gore_778.xnb 8170 6218 22 36
Gore_784.xnb 1554 704 18 16
Gore_789.xnb 7386 5008 16 16
Gore_834.xnb 8170 7179 22 32
Gore_850.xnb 1076 8177 18 14
Gore_852.xnb 1367 8177 16 14
Gore_855.xnb 4266 5984 22 80
Gore_857.xnb 3990 672 50 48
Gore_860.xnb 8130 7432 62 44
Gore_862.xnb 7549 652 72 68
Gore_883.xnb 8170 6254 22 36
Gore_890.xnb 2212 704 20 14
Gore_893.xnb 7182 6104 46 40
Gore_90.xnb 7748 8158 46 34
Gore_904.xnb 4354 7268 22 40
Gore_910.xnb 7242 540 384 112
Gore_911.xnb 7626 540 384 112
Gore_912.xnb 7002 4784 384 112
Gore_913.xnb 7002 4896 384 112
Gore_914.xnb 7386 4784 384 112
Gore_915.xnb 7386 4896 384 112
Gore_917.xnb 7770 4784 384 112
Gore_918.xnb 7770 4896 384 112
Gore_963.xnb 8010 7432 40 40
Gore_984.xnb 2008 8172 12 20
Gore_988.xnb 1663 8177 14 14
Guide_Default.xnb 6364 6144 40 1456
HP_Panel_Right.xnb 7320 6104 46 38
Icon_Rank_Dim.xnb 1677 8177 14 14
Icon_Rank_Light.xnb 1691 8177 14 14
InfoIcon_0.xnb 1705 8177 14 14
InfoIcon_1.xnb 1719 8177 14 14
InfoIcon_10.xnb 1733 8177 14 14
InfoIcon_11.xnb 1747 8177 14 14
InfoIcon_12.xnb 1761 8177 14 14
InfoIcon_2.xnb 1778 8177 14 14
InfoIcon_3.xnb 1792 8177 14 14
InfoIcon_4.xnb 1806 8177 14 14
InfoIcon_5.xnb 1820 8177 14 14
InfoIcon_6.xnb 1834 8177 14 14
InfoIcon_7.xnb 1848 8177 14 14
InfoIcon_8.xnb 1862 8177 14 14
InfoIcon_9.xnb 1876 8177 14 14
IssueButton.xnb 8130 8142 56 50
Item_0.xnb 7402 5008 16 16
Item_1004.xnb 8036 2852 34 22
Item_1007.xnb 5544 5940 16 24
Item_1008.xnb 5544 5964 16 24
Item_1009.xnb 5544 5988 16 24
Item_1010.xnb 5544 6012 16 24
Item_1011.xnb 5544 6036 16 24
Item_1012.xnb 5544 6060 16 24
Item_1013.xnb 5544 6084 16 24
Item_1014.xnb 5544 6108 16 24
Item_1015.xnb 5544 6132 16 24
Item_1016.xnb 5544 6156 16 24
Item_1017.xnb 5544 6180 16 24
Item_1018.xnb 5544 6204 16 24
Item_1019.xnb 5544 6228 16 24
Item_1020.xnb 5544 6252 16 24
Item_1021.xnb 5544 6276 16 24
Item_1022.xnb 5544 6300 16 24
Item_1023.xnb 5544 6324 16 24
Item_1024.xnb 5544 6348 16 24
Item_1025.xnb 5544 6372 16 24
Item_1026.xnb 5544 6396 16 24
Item_1027.xnb 5544 6420 16 24
Item_1028.xnb 5544 6444 16 24
Item_1029.xnb 5544 6468 16 24
Item_1030.xnb 5544 6492 16 24
Item_1031.xnb 5544 6516 16 24
Item_1032.xnb 5544 6540 16 24
Item_1033.xnb 5544 6564 16 24
Item_1034.xnb 5544 6588 16 24
Item_1035.xnb 5544 6612 16 24
Item_1036.xnb 5544 6636 16 24
Item_1037.xnb 5544 6660 16 24
Item_1038.xnb 5544 6684 16 24
Item_1039.xnb 5544 6708 16 24
Item_1040.xnb 5544 6732 16 24
Item_1041.xnb 5544 6756 16 24
Item_1042.xnb 5544 6780 16 24
Item_1043.xnb 5544 6804 16 24
Item_1044.xnb 5544 6828 16 24
Item_1045.xnb 5544 6852 16 24
Item_1046.xnb 5544 6876 16 24
Item_1047.xnb 5544 6900 16 24
Item_1048.xnb 5544 6924 16 24
Item_1049.xnb 5544 6948 16 24
Item_1050.xnb 5544 6972 16 24
Item_1051.xnb 5544 6996 16 24
Item_1052.xnb 5544 7020 16 24
Item_1053.xnb 5544 7044 16 24
Item_11.xnb 7418 5008 16 16
Item_1101.xnb 7434 5008 16 16
Item_1103.xnb 7450 5008 16 16
Item_1104.xnb 7466 5008 16 16
Item_1105.xnb 7482 5008 16 16
Item_1106.xnb 7498 5008 16 16
Item_1114.xnb 8170 6290 22 36
Item_1124.xnb 7514 5008 16 16
Item_1125.xnb 7530 5008 16 16
Item_1127.xnb 7546 5008 16 16
Item_1130.xnb 5860 7516 14 22
Item_1146.xnb 7562 5008 16 16
Item_1147.xnb 7578 5008 16 16
Item_1148.xnb 7594 5008 16 16
Item_1149.xnb 7610 5008 16 16
Item_1157.xnb 5722 8152 42 40
Item_116.xnb 7626 5008 16 16
Item_1171.xnb 4354 6682 22 42
Item_1188.xnb 8050 7432 40 40
Item_1195.xnb 8090 7432 40 40
Item_12.xnb 7642 5008 16 16
Item_1246.xnb 7658 5008 16 16
Item_129.xnb 7674 5008 16 16
Item_13.xnb 7690 5008 16 16
Item_131.xnb 7706 5008 16 16
Item_1310.xnb 2812 626 14 24
Item_1315.xnb 7274 6104 44 40
Item_1323.xnb 4354 6766 24 38
Item_1324.xnb 8170 6804 22 34
Item_133.xnb 7722 5008 16 16
Item_134.xnb 7738 5008 16 16
Item_1350.xnb 1890 8177 14 14
Item_1355.xnb 8170 7211 22 32
Item_137.xnb 7754 5008 16 16
Item_1372.xnb 6562 6122 32 22
Item_139.xnb 7770 5008 16 16
Item_14.xnb 7786 5008 16 16
Item_141.xnb 7802 5008 16 16
Item_143.xnb 7818 5008 16 16
Item_145.xnb 7834 5008 16 16
Item_147.xnb 7850 5008 16 16
Item_1521.xnb 2002 7760 18 30
Item_154.xnb 7866 5008 16 16
Item_1554.xnb 1110 704 22 14
Item_1589.xnb 7882 5008 16 16
Item_1591.xnb 7898 5008 16 16
Item_1593.xnb 7914 5008 16 16
Item_161.xnb 8118 3954 14 14
Item_1612.xnb 8170 6838 22 34
Item_169.xnb 7930 5008 16 16
Item_170.xnb 7946 5008 16 16
Item_172.xnb 7962 5008 16 16
Item_1725.xnb 7978 5008 16 16
Item_1727.xnb 7994 5008 16 16
Item_173.xnb 8010 5008 16 16
Item_1739.xnb 8070 2852 34 22
Item_174.xnb 8026 5008 16 16
Item_1751.xnb 1132 704 22 14
Item_1756.xnb 1154 704 22 14
Item_1759.xnb 1176 704 22 14
Item_176.xnb 8042 5008 16 16
Item_1762.xnb 1198 704 22 14
Item_1765.xnb 1220 704 22 14
Item_1789.xnb 8104 2852 34 22
Item_180.xnb 1094 8177 18 14
Item_1806.xnb 4744 6672 28 40
Item_1823.xnb 1242 704 22 14
Item_1833.xnb 6528 6122 34 22
Item_1840.xnb 1264 704 22 14
Item_1843.xnb 1286 704 22 14
Item_192.xnb 8058 5008 16 16
Item_1941.xnb 2564 8172 30 20
Item_1988.xnb 2232 704 20 14
Item_2.xnb 8074 5008 16 16
Item_2006.xnb 1112 8177 18 14
Item_2015.xnb 1383 8177 16 14
Item_2017.xnb 8090 5008 16 16
Item_2026.xnb 8170 7243 22 32
Item_2028.xnb 8170 7275 22 32
Item_2119.xnb 8106 5008 16 16
Item_2120.xnb 8122 5008 16 16
Item_2121.xnb 1130 8177 18 14
Item_2136.xnb 8170 7307 22 32
Item_2137.xnb 8170 7339 22 32
Item_214.xnb 8138 5008 16 16
Item_2173.xnb 6654 6128 16 16
Item_219.xnb 8036 2574 42 30
Item_2205.xnb 4354 6804 24 38
Item_222.xnb 6670 6128 16 16
Item_2233.xnb 8170 7371 22 32
Item_2257.xnb 6686 6128 16 16
Item_2261.xnb 6702 6128 16 16
Item_2262.xnb 6770 6128 16 16
Item_2268.xnb 4772 8094 30 90
Item_23.xnb 1399 8177 16 14
Item_2368.xnb 2594 8172 30 20
Item_2418.xnb 2624 8172 30 20
Item_2435.xnb 6786 6128 16 16
Item_245.xnb 2654 8172 30 20
Item_248.xnb 2684 8172 30 20
Item_2510.xnb 2714 8172 30 20
Item_2513.xnb 2744 8172 30 20
Item_252.xnb 2774 8172 30 20
Item_2523.xnb 6802 6128 16 16
Item_2555.xnb 7852 8006 22 32
Item_2565.xnb 1978 7004 34 24
Item_2583.xnb 8128 4504 34 24
Item_263.xnb 1308 704 22 14
Item_2638.xnb 5416 8168 34 24
Item_2659.xnb 2852 8172 30 20
Item_2662.xnb 2882 8172 30 20
Item_2674.xnb 6818 6128 16 16
Item_2692.xnb 6204 8176 16 16
Item_2693.xnb 6220 8176 16 16
Item_2694.xnb 6244 8176 16 16
Item_2695.xnb 6260 8176 16 16
Item_2697.xnb 6284 8176 16 16
Item_2787.xnb 6300 8176 16 16
Item_2792.xnb 6324 8176 16 16
Item_2793.xnb 6340 8176 16 16
Item_2794.xnb 6364 8176 16 16
Item_2807.xnb 2912 8172 30 20
Item_282.xnb 6380 8176 16 16
Item_2825.xnb 7852 8038 22 32
Item_286.xnb 6404 8176 16 16
Item_2860.xnb 6420 8176 16 16
Item_2868.xnb 6444 8176 16 16
Item_2882.xnb 1188 8177 18 14
Item_2892.xnb 1206 8177 18 14
Item_2995.xnb 3660 8150 56 38
Item_2996.xnb 8124 3102 18 30
Item_3.xnb 6460 8176 16 16
Item_3052.xnb 8172 1352 20 40
Item_3055.xnb 8028 1808 50 32
Item_3056.xnb 8078 1808 50 32
Item_3057.xnb 8128 4216 50 32
Item_3058.xnb 5496 8158 50 32
Item_3059.xnb 6882 6112 50 32
Item_3064.xnb 8170 6652 20 38
Item_3066.xnb 6484 8176 16 16
Item_3079.xnb 2942 8172 30 20
Item_3081.xnb 6500 8176 16 16
Item_3086.xnb 6524 8176 16 16
Item_3087.xnb 6540 8176 16 16
Item_3091.xnb 5860 7538 14 22
Item_3092.xnb 5860 7560 14 22
Item_3100.xnb 6564 8176 16 16
Item_3111.xnb 1418 8177 16 14
Item_3112.xnb 6580 8176 16 16
Item_3113.xnb 6604 8176 16 16
Item_3119.xnb 2972 8172 30 20
Item_3165.xnb 7852 8070 22 32
Item_317.xnb 6620 8176 16 16
Item_3170.xnb 7852 8102 22 32
Item_3202.xnb 8170 6326 22 36
Item_3214.xnb 6644 8176 16 16
Item_3234.xnb 6660 8176 16 16
Item_3240.xnb 8170 6872 22 34
Item_3243.xnb 3002 8172 30 20
Item_3246.xnb 3032 8172 30 20
Item_327.xnb 2812 650 14 24
Item_3271.xnb 8050 7990 16 16
Item_3272.xnb 8066 7990 16 16
Item_3274.xnb 8082 7990 16 16
Item_3275.xnb 8098 7990 16 16
Item_3276.xnb 8114 7990 16 16
Item_329.xnb 2812 674 14 24
Item_3380.xnb 1572 704 18 16
Item_3383.xnb 3062 8172 30 20
Item_3426.xnb 814 8112 12 28
Item_3427.xnb 814 8140 12 28
Item_3428.xnb 1533 8112 12 28
Item_3429.xnb 1533 8140 12 28
Item_3430.xnb 1893 8112 12 28
Item_3431.xnb 1893 8140 12 28
Item_3432.xnb 2008 7808 12 28
Item_3433.xnb 2008 7836 12 28
Item_3434.xnb 2008 7864 12 28
Item_3435.xnb 2008 7892 12 28
Item_3436.xnb 2008 7920 12 28
Item_3437.xnb 2008 7948 12 28
Item_3438.xnb 2008 7976 12 28
Item_3439.xnb 2008 8004 12 28
Item_3440.xnb 2008 8032 12 28
Item_3441.xnb 2008 8060 12 28
Item_3442.xnb 2008 8088 12 28
Item_3443.xnb 2008 8116 12 28
Item_3444.xnb 2008 8144 12 28
Item_3445.xnb 8178 4216 12 28
Item_3446.xnb 5546 8158 12 28
Item_3447.xnb 5860 6140 12 28
Item_3448.xnb 5860 6168 12 28
Item_3449.xnb 5860 6196 12 28
Item_3450.xnb 5860 6224 12 28
Item_3451.xnb 5860 6252 12 28
Item_3452.xnb 5860 6280 12 28
Item_3457.xnb 5860 7582 14 22
Item_3536.xnb 7852 8134 22 32
Item_3580.xnb 3692 6794 22 112
Item_3581.xnb 3692 6906 22 112
Item_3586.xnb 3140 8172 30 20
Item_3593.xnb 5860 6308 12 28
Item_3594.xnb 5860 6336 12 28
Item_360.xnb 4354 6842 24 38
Item_3709.xnb 4354 6152 24 40
Item_3710.xnb 4354 6880 24 38
Item_3711.xnb 4354 6192 24 40
Item_3712.xnb 4354 6232 24 40
Item_3713.xnb 4354 6272 24 40
Item_3714.xnb 4354 6312 24 40
Item_3715.xnb 4354 6358 24 40
Item_3717.xnb 4354 6398 24 40
Item_3718.xnb 4354 6438 24 40
Item_3719.xnb 4354 6478 24 40
Item_3723.xnb 2728 702 32 18
Item_3724.xnb 2760 702 32 18
Item_3734.xnb 3170 8172 30 20
Item_374.xnb 3200 8172 30 20
Item_3758.xnb 3230 8172 30 20
Item_3779.xnb 2792 702 32 18
Item_379.xnb 3260 8172 30 20
Item_3795.xnb 8142 3126 32 18
Item_3805.xnb 1590 704 18 16
Item_3807.xnb 1608 704 18 16
Item_3808.xnb 1330 704 22 14
Item_3837.xnb 5860 6364 12 28
Item_3838.xnb 5860 6392 12 28
Item_3839.xnb 5860 6420 12 28
Item_3840.xnb 5860 6448 12 28
Item_3841.xnb 5860 6476 12 28
Item_3842.xnb 5860 6504 12 28
Item_3843.xnb 5860 6532 12 28
Item_3844.xnb 5860 6560 12 28
Item_3845.xnb 5860 6588 12 28
Item_3846.xnb 5860 6616 12 28
Item_3852.xnb 7366 6104 42 40
Item_3897.xnb 8122 3396 32 18
Item_3909.xnb 8154 3396 32 18
Item_3910.xnb 7330 8174 32 18
Item_3922.xnb 3290 8172 30 20
Item_3949.xnb 7522 8174 32 18
Item_3975.xnb 7554 8174 32 18
Item_3992.xnb 4268 8119 20 40
Item_4009.xnb 3692 7786 24 84
Item_4010.xnb 6826 652 32 66
Item_4012.xnb 5456 8102 38 90
Item_4016.xnb 4266 6064 22 78
Item_4021.xnb 4264 5330 24 90
Item_4022.xnb 3684 5922 32 72
Item_4023.xnb 4264 5606 22 90
Item_403.xnb 3320 8172 30 20
Item_4062.xnb 7412 6104 42 40
Item_4064.xnb 7586 8174 32 18
Item_4065.xnb 7874 8174 32 18
Item_4068.xnb 3692 7690 24 96
Item_4069.xnb 4264 4748 24 96
Item_4070.xnb 4264 4844 24 96
Item_4079.xnb 3350 8172 30 20
Item_410.xnb 3684 4526 30 20
Item_4128.xnb 1626 704 18 16
Item_4132.xnb 1644 704 18 16
Item_4138.xnb 2252 704 20 14
Item_4156.xnb 5860 6644 12 28
Item_4163.xnb 7906 8174 32 18
Item_4177.xnb 5860 6672 12 28
Item_4184.xnb 7938 8174 32 18
Item_4198.xnb 5860 6700 12 28
Item_4205.xnb 7970 8174 32 18
Item_4219.xnb 5860 6728 12 28
Item_4226.xnb 8002 8174 32 18
Item_4237.xnb 3684 4818 30 20
Item_426.xnb 3636 7870 80 92
Item_4284.xnb 4266 5894 20 90
Item_4285.xnb 4266 6142 22 78
Item_4286.xnb 4264 5228 22 102
Item_4287.xnb 4354 5388 24 78
Item_4293.xnb 4266 6220 22 78
Item_4295.xnb 4264 5420 24 90
Item_4297.xnb 4354 5466 24 78
Item_43.xnb 7616 4508 30 20
Item_4315.xnb 8034 8174 32 18
Item_4321.xnb 7646 4508 30 20
Item_4343.xnb 7676 4508 30 20
Item_4344.xnb 7706 4508 30 20
Item_4381.xnb 4268 8035 20 42
Item_441.xnb 4354 6918 24 38
Item_4417.xnb 4354 6956 24 38
Item_446.xnb 4354 6518 24 40
Item_447.xnb 4354 6994 24 38
Item_4556.xnb 7736 4508 30 20
Item_4561.xnb 8066 8174 32 18
Item_4566.xnb 7766 4508 30 20
Item_4584.xnb 8098 8174 32 18
Item_4633.xnb 7698 8158 50 32
Item_4687.xnb 5860 6756 12 28
Item_4705.xnb 7796 4508 30 20
Item_4732.xnb 1662 704 18 16
Item_4741.xnb 7826 4508 30 20
Item_475.xnb 4354 6558 24 40
Item_476.xnb 4354 7032 24 38
Item_4764.xnb 2002 7028 18 32
Item_4768.xnb 1352 704 22 14
Item_477.xnb 4354 7070 24 38
Item_4770.xnb 1680 704 18 16
Item_4774.xnb 1384 704 22 14
Item_4780.xnb 7872 4508 30 20
Item_4805.xnb 8170 6144 22 38
Item_4829.xnb 7902 4508 30 20
Item_4830.xnb 7932 4508 30 20
Item_486.xnb 5860 6784 12 28
Item_4910.xnb 7962 4508 30 20
Item_4913.xnb 7458 6104 42 40
Item_4922.xnb 8170 6362 22 36
Item_4934.xnb 7096 8138 38 52
Item_4965.xnb 5860 6812 12 28
Item_4966.xnb 5860 6840 12 28
Item_4967.xnb 5860 6868 12 28
Item_4968.xnb 5860 6896 12 28
Item_4969.xnb 5860 6924 12 28
Item_4970.xnb 5860 6952 12 28
Item_4971.xnb 5860 6980 12 28
Item_4972.xnb 5860 7008 12 28
Item_4973.xnb 5860 7036 12 28
Item_4974.xnb 5860 7064 12 28
Item_4975.xnb 5860 7092 12 28
Item_4976.xnb 5860 7120 12 28
Item_4977.xnb 5860 7148 12 28
Item_498.xnb 2002 7060 18 32
Item_4991.xnb 7992 4508 30 20
Item_5007.xnb 8022 4508 30 20
Item_5015.xnb 8052 4508 30 20
Item_5016.xnb 8082 4508 30 20
Item_504.xnb 4438 6314 30 20
Item_5040.xnb 4438 7434 30 20
Item_5043.xnb 8170 6398 22 36
Item_5055.xnb 5186 8172 30 20
Item_5092.xnb 7330 8072 36 102
Item_5093.xnb 432 8100 36 90
Item_5136.xnb 8132 3954 14 14
Item_520.xnb 3692 7018 22 112
Item_521.xnb 3692 7130 22 112
Item_526.xnb 8146 3954 14 14
Item_5277.xnb 4266 6298 22 78
Item_5278.xnb 4266 6376 22 78
Item_5305.xnb 8160 3954 14 14
Item_5352.xnb 5860 7176 12 28
Item_5381.xnb 8170 6690 20 38
Item_547.xnb 3692 7242 22 112
Item_548.xnb 3692 7354 22 112
Item_549.xnb 3692 7466 22 112
Item_55.xnb 2002 7092 18 32
Item_555.xnb 4268 7991 20 44
Item_558.xnb 2280 704 20 14
Item_575.xnb 3692 7578 22 112
Item_603.xnb 2002 7124 18 32
Item_650.xnb 2002 7156 18 32
Item_651.xnb 2002 7188 18 32
Item_652.xnb 2002 7220 18 32
Item_670.xnb 2002 7252 18 32
Item_678.xnb 8170 6906 22 34
Item_679.xnb 4288 8164 46 26
Item_682.xnb 8170 6434 22 36
Item_739.xnb 7504 6104 42 40
Item_771.xnb 2300 704 20 14
Item_772.xnb 2320 704 20 14
Item_773.xnb 2340 704 20 14
Item_774.xnb 2360 704 20 14
Item_789.xnb 5860 7204 12 28
Item_790.xnb 5860 7232 12 28
Item_791.xnb 5860 7260 12 28
Item_796.xnb 4354 7308 22 40
Item_800.xnb 4900 8164 46 26
Item_816.xnb 2002 7284 18 32
Item_817.xnb 2002 7316 18 32
Item_818.xnb 2002 7348 18 32
Item_819.xnb 2002 7380 18 32
Item_820.xnb 2002 7412 18 32
Item_837.xnb 2002 7444 18 32
Item_839.xnb 2380 704 20 14
Item_845.xnb 5860 7288 12 28
Item_846.xnb 5860 7316 12 28
Item_847.xnb 5860 7344 12 28
Item_864.xnb 1406 704 22 14
Item_869.xnb 1224 8177 18 14
Item_909.xnb 8170 6940 22 34
Item_910.xnb 8170 6470 22 36
Item_912.xnb 2002 7476 18 32
Item_940.xnb 8170 6506 22 36
Item_941.xnb 8170 6542 22 36
Item_944.xnb 8170 6578 22 36
Item_949.xnb 8174 3954 14 14
Item_Stack_0 8028 1168 128 184
Item_Stack_100 3428 5130 256 288
Item_Stack_102 3428 5418 256 288
Item_Stack_103 4278 3684 256 284
Item_Stack_104 4534 3684 256 284
Item_Stack_11 4516 7992 256 192
Item_Stack_12 2564 8004 256 168
Item_Stack_14 4298 540 256 172
Item_Stack_15 2852 8004 256 168
Item_Stack_16 4554 540 256 172
Item_Stack_19 7872 4248 256 260
Item_Stack_2 6746 4784 256 192
Item_Stack_21 2020 8032 256 160
Item_Stack_22 3428 4546 256 292
Item_Stack_23 4516 4528 256 260
Item_Stack_24 4790 3684 256 284
Item_Stack_25 5046 3684 256 284
Item_Stack_26 5312 4248 256 276
Item_Stack_27 4288 3968 256 280
Item_Stack_28 7104 4248 256 272
Item_Stack_29 5568 4248 256 276
Item_Stack_30 4544 3968 256 280
Item_Stack_31 4800 3968 256 280
Item_Stack_32 5056 3968 256 280
Item_Stack_33 2020 5072 256 296
Item_Stack_34 5302 3684 256 284
Item_Stack_35 5558 3684 256 284
Item_Stack_36 5814 3684 256 284
Item_Stack_37 5312 3968 256 280
Item_Stack_38 5568 3968 256 280
Item_Stack_39 6070 3684 256 284
Item_Stack_40 6326 3684 256 284
Item_Stack_41 2020 5368 256 296
Item_Stack_42 2020 2972 256 300
Item_Stack_43 5824 3968 256 280
Item_Stack_44 6582 3684 256 284
Item_Stack_45 6838 3684 256 284
Item_Stack_46 7094 3684 256 284
Item_Stack_47 5824 4248 256 276
Item_Stack_48 2020 5664 256 296
Item_Stack_49 2020 3272 256 300
Item_Stack_5 3140 8004 256 168
Item_Stack_50 7350 3684 256 284
Item_Stack_51 7606 3684 256 284
Item_Stack_52 7862 3684 256 284
Item_Stack_53 6080 3968 256 280
Item_Stack_54 6336 3968 256 280
Item_Stack_55 2020 5960 256 296
Item_Stack_56 2020 6256 256 296
Item_Stack_57 2020 6552 256 296
Item_Stack_58 2020 6848 256 296
Item_Stack_59 2020 7144 256 296
Item_Stack_60 6592 3968 256 280
Item_Stack_61 6848 3968 256 280
Item_Stack_62 3766 3968 256 284
Item_Stack_63 3766 4252 256 284
Item_Stack_64 6080 4248 256 276
Item_Stack_65 6336 4248 256 276
Item_Stack_66 3766 4536 256 284
Item_Stack_67 3766 4820 256 284
Item_Stack_68 3766 5104 256 284
Item_Stack_69 3766 5388 256 284
Item_Stack_7 4042 540 256 176
Item_Stack_70 2020 3572 256 300
Item_Stack_71 2020 3872 256 300
Item_Stack_72 7104 3968 256 280
Item_Stack_73 3766 5672 256 284
Item_Stack_74 7360 3968 256 280
Item_Stack_75 7616 3968 256 280
Item_Stack_76 6592 4248 256 276
Item_Stack_77 7872 3968 256 280
Item_Stack_78 3766 5956 256 284
Item_Stack_79 3766 6240 256 284
Item_Stack_8 3766 6524 256 284
Item_Stack_80 3428 5706 256 288
Item_Stack_81 2020 4172 256 300
Item_Stack_82 3428 5994 256 288
Item_Stack_83 2020 2064 256 304
Item_Stack_84 3766 6808 256 284
Item_Stack_85 4288 4248 256 280
Item_Stack_86 2020 7440 256 296
Item_Stack_87 2020 4472 256 300
Item_Stack_88 3766 7092 256 284
Item_Stack_89 6848 4248 256 276
Item_Stack_9 4810 540 256 172
Item_Stack_90 3428 6282 256 288
Item_Stack_91 4544 4248 256 280
Item_Stack_92 2020 4772 256 300
Item_Stack_93 2020 2368 256 304
Item_Stack_94 3766 7376 256 284
Item_Stack_95 3766 7660 256 284
Item_Stack_96 4800 4248 256 280
Item_Stack_97 2020 7736 256 296
Item_Stack_98 3428 3954 256 296
Item_Stack_99 3428 4250 256 296
LightningBugJar.xnb 4636 6672 108 36
LostKite.xnb 4476 4528 40 1680
MP_Panel_Right.xnb 7228 6104 46 40
MapBG1.xnb 7084 652 115 65
MapBG10.xnb 7434 652 115 65
MapBG11.xnb 7626 652 115 65
MapBG12.xnb 7741 652 115 65
MapBG13.xnb 7856 652 115 65
MapBG14.xnb 1040 8112 115 65
MapBG15.xnb 1188 8112 115 65
MapBG16.xnb 1303 8112 115 65
MapBG17.xnb 1418 8112 115 65
MapBG18.xnb 1548 8112 115 65
MapBG19.xnb 1663 8112 115 65
MapBG2.xnb 1778 8112 115 65
Mechanic_Default.xnb 7370 6144 40 1334
Mechanic_Default_Party.xnb 7410 6144 40 1334
Merchant_Default.xnb 7016 6144 40 1400
Merchant_Default_Party.xnb 7056 6144 40 1400
Mount_BeeWings.xnb 6450 5024 78 696
Mount_ScutlixEyes.xnb 4378 7454 90 648
Mount_UFO.xnb 6450 5720 78 368
Mouse_Text_1 7108 4528 256 252
Mouse_Text_105 8010 540 128 180
Mouse_Text_11 4516 4788 256 260
Mouse_Text_13 6992 1840 256 212
Mouse_Text_14 6228 1840 256 224
Mouse_Text_15 6736 1840 256 220
Mouse_Text_16 6234 4784 256 228
Mouse_Text_17 7874 8006 256 168
Mouse_Text_18 3428 4838 256 292
Mouse_Text_2 7360 4248 256 272
Mouse_Text_21 7364 4528 256 248
Mouse_Text_4 7248 1840 256 212
Mouse_Text_5 5978 4784 256 236
Mouse_Text_7 6490 4784 256 228
Mouse_Text_9 7620 4528 256 248
NPC_101.xnb 6334 5908 62 210
NPC_107.xnb 7096 6144 40 1400
NPC_108.xnb 5820 6140 40 1472
NPC_108_Alt_1.xnb 5874 5024 40 1472
NPC_110.xnb 4022 3968 60 1200
NPC_111.xnb 4690 5048 56 1176
NPC_124.xnb 7450 6144 40 1334
NPC_124_Alt_1.xnb 7490 6144 40 1334
NPC_14.xnb 4142 8100 46 90
NPC_142.xnb 5996 5024 42 1400
NPC_142_Alt_1.xnb 5996 6424 42 1400
NPC_166.xnb 6810 7478 40 650
NPC_17.xnb 7136 6144 40 1400
NPC_172.xnb 5874 7968 40 210
NPC_174.xnb 8122 3414 70 230
NPC_178.xnb 7530 6144 40 1334
NPC_178_Alt_1.xnb 7570 6144 40 1334
NPC_17_Alt_1.xnb 7176 6144 40 1400
NPC_18.xnb 7770 6144 40 1288
NPC_18_Alt_1.xnb 7810 6144 40 1288
NPC_19.xnb 7216 6144 40 1400
NPC_204.xnb 6852 8124 40 64
NPC_206.xnb 4022 5168 60 1200
NPC_207.xnb 5416 6384 40 1600
NPC_207_Alt_1.xnb 5456 4784 40 1600
NPC_208.xnb 7850 6144 40 1288
NPC_209.xnb 6404 6144 40 1456
NPC_209_Alt_1.xnb 6444 6144 40 1456
NPC_213.xnb 6594 5024 60 896
NPC_214.xnb 4022 6368 60 1200
NPC_215.xnb 4082 3968 60 1200
NPC_216.xnb 4082 5168 60 1200
NPC_22.xnb 6484 6144 40 1456
NPC_221.xnb 5276 7840 40 352
NPC_226.xnb 8128 3968 64 248
NPC_227.xnb 5140 4784 46 1400
NPC_227_Alt_1.xnb 5140 6184 46 1400
NPC_228.xnb 3716 3684 50 1456
NPC_229.xnb 6524 6144 40 1456
NPC_229_Alt_1.xnb 6564 6144 40 1456
NPC_230.xnb 2532 8004 25 180
NPC_237.xnb 8132 4528 60 248
NPC_238.xnb 6882 5864 60 248
NPC_246.xnb 1908 2064 112 708
NPC_284.xnb 8138 540 44 168
NPC_290.xnb 6528 5024 66 816
NPC_293.xnb 4082 6368 60 1200
NPC_301.xnb 8146 2064 44 270
NPC_306.xnb 5232 7696 44 420
NPC_330.xnb 7450 7478 72 656
NPC_338.xnb 5628 7434 46 720
NPC_341.xnb 3684 3954 32 288
NPC_348.xnb 6268 5024 66 882
NPC_349.xnb 6770 5024 66 784
NPC_353.xnb 7890 6144 40 1288
NPC_353_Alt_1.xnb 7930 6144 40 1288
NPC_366.xnb 8154 4784 38 112
NPC_368.xnb 4476 6208 40 1664
NPC_368_Alt_1.xnb 4516 5048 40 1664
NPC_369.xnb 7610 6144 40 1334
NPC_369_Alt_1.xnb 7650 6144 40 1334
NPC_38.xnb 3532 6570 52 1400
NPC_38_Alt_1.xnb 3584 6570 52 1400
NPC_393.xnb 5820 7612 54 576
NPC_394.xnb 7122 5864 52 272
NPC_399.xnb 6726 7478 42 640
NPC_411.xnb 5368 7452 46 726
NPC_417.xnb 5764 6104 56 1080
NPC_421.xnb 8142 2874 50 252
NPC_425.xnb 8138 5024 52 910
NPC_426.xnb 4288 6358 66 1050
NPC_429.xnb 4948 7504 46 660
NPC_438.xnb 8148 1616 40 216
NPC_441.xnb 6038 5024 42 1400
NPC_441_Alt_1.xnb 5676 6134 42 1456
NPC_444.xnb 4354 5544 24 74
NPC_445.xnb 3684 4838 26 286
NPC_449.xnb 1978 3836 40 1064
NPC_450.xnb 1978 2772 42 1064
NPC_451.xnb 1978 4900 40 1064
NPC_453_Alt_1.xnb 5232 4784 44 1456
NPC_466.xnb 6654 5024 64 828
NPC_467.xnb 5140 7584 46 598
NPC_468.xnb 1978 5964 40 1040
NPC_471.xnb 7902 5024 44 1120
NPC_472.xnb 8136 7742 52 252
NPC_473.xnb 6882 5024 60 840
NPC_474.xnb 6942 5024 60 840
NPC_475.xnb 7002 5024 60 840
NPC_476.xnb 7062 5024 60 840
NPC_480.xnb 3716 6596 46 1550
NPC_494.xnb 8128 4248 62 256
NPC_497.xnb 5954 7824 40 360
NPC_498.xnb 6976 7544 40 594
NPC_499.xnb 7016 7544 40 594
NPC_500.xnb 7056 7544 40 594
NPC_501.xnb 7096 7544 40 594
NPC_502.xnb 7136 7544 40 594
NPC_503.xnb 7176 7544 40 594
NPC_504.xnb 7216 7544 40 594
NPC_505.xnb 7290 7478 40 594
NPC_506.xnb 7330 7478 40 594
NPC_530.xnb 6268 5906 64 230
NPC_535.xnb 7199 652 40 68
NPC_54.xnb 5368 4784 48 1334
NPC_54_Alt_1.xnb 5368 6118 48 1334
NPC_550.xnb 5628 6084 46 1350
NPC_56.xnb 6396 6032 52 108
NPC_568.xnb 5560 5702 68 918
NPC_569.xnb 5560 6620 68 918
NPC_572.xnb 5764 7184 54 1008
NPC_573.xnb 6396 5024 54 1008
NPC_581.xnb 1908 7808 100 378
NPC_583.xnb 4264 4940 24 96
NPC_584.xnb 4264 5036 24 96
NPC_585.xnb 4264 5132 24 96
NPC_586.xnb 7122 5024 60 840
NPC_588.xnb 6038 6424 42 1400
NPC_588_Alt_1.xnb 6080 5024 42 1400
NPC_593.xnb 2820 8004 25 180
NPC_596.xnb 4268 7655 20 48
NPC_597.xnb 4268 7703 20 48
NPC_598.xnb 4268 7751 20 48
NPC_599.xnb 4268 7799 20 48
NPC_600.xnb 4268 7847 20 48
NPC_601.xnb 4268 7895 20 48
NPC_605.xnb 3108 8004 26 160
NPC_610.xnb 4266 5798 20 96
NPC_611.xnb 6164 7600 40 520
NPC_621.xnb 6684 8118 38 74
NPC_622.xnb 6726 8118 38 74
NPC_629.xnb 3684 4250 32 276
NPC_633.xnb 6810 6144 42 1334
NPC_633_Alt_1.xnb 6852 6144 42 1334
NPC_633_Alt_2.xnb 6894 6144 42 1334
NPC_637.xnb 7946 5024 44 1120
NPC_638.xnb 1908 5964 70 1064
NPC_65.xnb 8028 1616 120 192
NPC_653.xnb 4354 5690 24 72
NPC_656.xnb 7504 5024 46 1080
NPC_661.xnb 4354 5762 24 72
NPC_663.xnb 7970 6144 40 1288
NPC_669.xnb 3396 8004 26 160
NPC_679.xnb 7370 7478 38 616
NPC_680.xnb 5186 7584 46 588
NPC_686.xnb 5914 8116 40 76
NPC_75.xnb 5496 8022 54 136
NPC_94.xnb 6528 5840 64 282
NPC_Head_43.xnb 1434 8177 16 14
NPC_Head_59.xnb 8170 6974 22 34
Nurse_Default.xnb 8010 6144 40 1288
Nurse_Default_Party.xnb 8050 6144 40 1288
Painter_Default.xnb 5186 4784 46 1400
Painter_Default_Party.xnb 5186 6184 46 1400
PartyGirl_Default.xnb 8090 6144 40 1288
Pirate_Default.xnb 6604 6144 40 1456
Pirate_Default_Party.xnb 6644 6144 40 1456
PixiePosse1.xnb 5496 7072 64 950
PixiePosse2.xnb 4196 4748 68 1050
Player_0_13.xnb 4068 1616 360 224
Player_0_3.xnb 4428 1616 360 224
Player_0_4.xnb 4788 1616 360 224
Player_0_5.xnb 5148 1616 360 224
Player_0_6.xnb 5508 1616 360 224
Player_0_7.xnb 5868 1616 360 224
Player_0_8.xnb 6228 1616 360 224
Player_0_9.xnb 6588 1616 360 224
Player_10_3.xnb 6948 1616 360 224
Player_10_5.xnb 7308 1616 360 224
Player_10_7.xnb 7668 1616 360 224
Player_10_9.xnb 1548 1840 360 224
Player_11_3.xnb 1548 2064 360 224
Player_11_5.xnb 1548 2288 360 224
Player_11_7.xnb 1548 2512 360 224
Player_11_9.xnb 1548 2736 360 224
Player_1_4.xnb 1548 2960 360 224
Player_1_6.xnb 1548 3184 360 224
Player_1_8.xnb 1548 3408 360 224
Player_2_13.xnb 1548 3632 360 224
Player_2_4.xnb 1548 3856 360 224
Player_2_6.xnb 1548 4080 360 224
Player_3_13.xnb 1548 4304 360 224
Player_3_4.xnb 1548 4528 360 224
Player_3_6.xnb 1548 4752 360 224
Player_4_13.xnb 1548 4976 360 224
Player_4_3.xnb 1548 5200 360 224
Player_4_4.xnb 1548 5424 360 224
Player_4_5.xnb 1548 5648 360 224
Player_4_6.xnb 1548 5872 360 224
Player_4_7.xnb 1548 6096 360 224
Player_4_8.xnb 1548 6320 360 224
Player_4_9.xnb 1548 6544 360 224
Player_5_4.xnb 1548 6768 360 224
Player_5_6.xnb 1548 6992 360 224
Player_5_8.xnb 1548 7216 360 224
Player_6_13.xnb 1548 7440 360 224
Player_6_4.xnb 1548 7664 360 224
Player_6_6.xnb 1548 7888 360 224
Player_6_8.xnb 1908 1840 360 224
Player_7_13.xnb 2268 1840 360 224
Player_7_4.xnb 2628 1840 360 224
Player_7_6.xnb 2988 1840 360 224
Player_7_8.xnb 3348 1840 360 224
Player_8_13.xnb 3708 1840 360 224
Player_8_4.xnb 4068 1840 360 224
Player_8_6.xnb 4428 1840 360 224
Player_9_13.xnb 4788 1840 360 224
Player_9_4.xnb 5148 1840 360 224
Player_9_6.xnb 5508 1840 360 224
Player_9_8.xnb 5868 1840 360 224
Princess_Default.xnb 8130 6144 40 1288
Projectile_102.xnb 3252 668 22 48
Projectile_109.xnb 4264 5784 14 14
Projectile_112.xnb 3684 5706 32 216
Projectile_113.xnb 2002 7508 18 32
Projectile_166.xnb 5320 8178 14 14
Projectile_17.xnb 5334 8178 14 14
Projectile_171.xnb 5348 8178 14 14
Projectile_179.xnb 5368 8178 14 14
Projectile_19.xnb 2002 7540 18 32
Projectile_199.xnb 3684 4546 32 272
Projectile_213.xnb 4354 6106 22 46
Projectile_216.xnb 4266 6764 22 48
Projectile_221.xnb 4266 6704 20 60
Projectile_226.xnb 4354 6724 22 42
Projectile_236.xnb 6334 5024 62 884
Projectile_24.xnb 5382 8178 14 14
Projectile_240.xnb 5396 8178 14 14
Projectile_241.xnb 5676 8178 14 14
Projectile_254.xnb 8154 720 38 220
Projectile_272.xnb 8170 7008 22 34
Projectile_308.xnb 1908 7028 94 780
Projectile_31.xnb 5690 8178 14 14
Projectile_321.xnb 3684 6186 30 96
Projectile_324.xnb 6936 7544 38 640
Projectile_335.xnb 3692 6570 22 120
Projectile_348.xnb 4690 6224 80 48
Projectile_354.xnb 5704 8178 14 14
Projectile_372.xnb 4268 7943 20 48
Projectile_379.xnb 4354 5954 24 56
Projectile_38.xnb 814 8168 14 24
Projectile_388.xnb 6164 8120 38 72
Projectile_39.xnb 5874 8178 14 14
Projectile_40.xnb 5888 8178 14 14
Projectile_407.xnb 8144 2334 44 264
Projectile_415.xnb 5860 7372 12 28
Projectile_423.xnb 8154 4896 38 128
Projectile_452.xnb 2002 7572 18 32
Projectile_465.xnb 4636 6272 100 400
Projectile_483.xnb 1450 8177 16 14
Projectile_492.xnb 4746 5048 26 432
Projectile_52.xnb 2002 7604 18 32
Projectile_520.xnb 8170 7042 22 34
Projectile_533.xnb 8038 5024 48 1008
Projectile_535.xnb 5092 7504 48 576
Projectile_574.xnb 4354 6058 24 48
Projectile_586.xnb 4354 5308 24 80
Projectile_593.xnb 4264 5696 22 88
Projectile_598.xnb 4266 6454 22 70
Projectile_599.xnb 2812 576 14 26
Projectile_6.xnb 2002 7636 18 32
Projectile_600.xnb 4266 6584 22 60
Projectile_601.xnb 8170 6728 20 38
Projectile_610.xnb 4354 5894 24 60
Projectile_611.xnb 4772 7956 30 138
Projectile_613.xnb 3692 6690 24 104
Projectile_625.xnb 3684 5350 32 66
Projectile_626.xnb 3684 5638 32 66
Projectile_635.xnb 7806 8006 46 184
Projectile_643.xnb 4746 5480 26 400
Projectile_661.xnb 4268 8077 20 42
Projectile_684.xnb 6900 4976 80 48
Projectile_689.xnb 3684 6282 28 192
Projectile_693.xnb 5044 8120 46 72
Projectile_72.xnb 8130 8006 54 136
Projectile_767.xnb 5322 652 272 68
Projectile_768.xnb 5706 652 272 68
Projectile_769.xnb 6090 652 272 68
Projectile_770.xnb 6474 652 272 68
Projectile_810.xnb 8170 6766 20 38
Projectile_822.xnb 5978 652 104 56
Projectile_825.xnb 3636 6570 56 1300
Projectile_842.xnb 5860 7400 12 28
Projectile_85.xnb 4378 4528 98 686
Projectile_851.xnb 7290 8072 32 120
Projectile_861.xnb 4264 5510 22 96
Projectile_867.xnb 2002 7668 18 32
Projectile_892.xnb 6654 5852 56 276
Projectile_893.xnb 5416 7984 40 184
Projectile_897.xnb 4852 7504 46 682
Projectile_901.xnb 4082 7568 58 552
Projectile_933.xnb 8168 1840 24 120
Projectile_953.xnb 8140 2604 52 260
Projectile_978.xnb 8136 7478 52 260
Projectile_994.xnb 6768 7478 40 672
Radial.xnb 8038 6032 112 112
Research_Slots.xnb 8086 5934 104 96
Santa_Default.xnb 6080 6424 42 1400
Santa_Default_Party.xnb 6122 5024 42 1400
ScrollbarInner.xnb 936 704 20 16
SkeletonMerchant_Default.xnb 5232 6240 44 1456
SkeletonMerchant_Default_Party.xnb 5276 4784 44 1456
SlimeOld_Default.xnb 7410 7478 38 616
SlimePurple_Default.xnb 5676 7590 46 588
SlimeYellow_Default.xnb 4996 7504 46 616
SlimeYellow_Default_Party.xnb 5044 7504 46 616
Spine.xnb 8028 944 128 202
Steampunker_Default.xnb 7690 6144 40 1334
Steampunker_Default_Party.xnb 7730 6144 40 1334
Sunflower_Loading.xnb 6718 5024 52 1007
Tavernkeep_Default.xnb 5676 4784 46 1350
TaxCollector_Default.xnb 6122 6424 42 1400
TaxCollector_Default_Party.xnb 5722 5024 42 1456
Tiles_0.xnb 5156 2064 288 270
Tiles_1.xnb 5444 2064 288 270
Tiles_107.xnb 5732 2064 288 270
Tiles_108.xnb 6020 2064 288 270
Tiles_111.xnb 6308 2064 288 270
Tiles_112.xnb 6596 2064 288 270
Tiles_116.xnb 6884 2064 288 270
Tiles_117.xnb 7172 2064 288 270
Tiles_118.xnb 7460 2064 288 270
Tiles_119.xnb 7748 2064 288 270
Tiles_120.xnb 2276 2334 288 270
Tiles_121.xnb 2276 2604 288 270
Tiles_122.xnb 2276 2874 288 270
Tiles_123.xnb 2276 3144 288 270
Tiles_130.xnb 2276 3414 288 270
Tiles_131.xnb 2276 3684 288 270
Tiles_133.xnb 8036 2874 106 228
Tiles_140.xnb 2276 3954 288 270
Tiles_145.xnb 2276 4224 288 270
Tiles_146.xnb 2276 4494 288 270
Tiles_147.xnb 2276 4764 288 270
Tiles_148.xnb 2276 5034 288 270
Tiles_150.xnb 2276 5304 288 270
Tiles_151.xnb 2276 5574 288 270
Tiles_152.xnb 2276 5844 288 270
Tiles_153.xnb 2276 6114 288 270
Tiles_154.xnb 2276 6384 288 270
Tiles_155.xnb 2276 6654 288 270
Tiles_156.xnb 2276 6924 288 270
Tiles_157.xnb 2276 7194 288 270
Tiles_158.xnb 2276 7464 288 270
Tiles_159.xnb 2276 7734 288 270
Tiles_160.xnb 2564 2334 288 270
Tiles_161.xnb 2852 2334 288 270
Tiles_162.xnb 3140 2334 288 270
Tiles_163.xnb 3428 2334 288 270
Tiles_164.xnb 3716 2334 288 270
Tiles_166.xnb 4004 2334 288 270
Tiles_167.xnb 4292 2334 288 270
Tiles_168.xnb 4580 2334 288 270
Tiles_169.xnb 4868 2334 288 270
Tiles_172.xnb 5722 6480 36 1672
Tiles_175.xnb 5156 2334 288 270
Tiles_176.xnb 5444 2334 288 270
Tiles_177.xnb 5732 2334 288 270
Tiles_184.xnb 7746 1840 242 216
Tiles_188.xnb 6020 2334 288 270
Tiles_190.xnb 6308 2334 288 270
Tiles_191.xnb 6596 2334 288 270
Tiles_193.xnb 6884 2334 288 270
Tiles_195.xnb 7172 2334 288 270
Tiles_196.xnb 7460 2334 288 270
Tiles_197.xnb 7748 2334 288 270
Tiles_198.xnb 2564 2604 288 270
Tiles_200.xnb 2564 2874 288 270
Tiles_202.xnb 2564 3144 288 270
Tiles_203.xnb 2564 3414 288 270
Tiles_204.xnb 2564 3684 288 270
Tiles_206.xnb 2564 3954 288 270
Tiles_208.xnb 2564 4224 288 270
Tiles_211.xnb 2564 4494 288 270
Tiles_212.xnb 3146 668 106 52
Tiles_22.xnb 2564 4764 288 270
Tiles_221.xnb 2564 5034 288 270
Tiles_222.xnb 2564 5304 288 270
Tiles_223.xnb 2564 5574 288 270
Tiles_224.xnb 2564 5844 288 270
Tiles_225.xnb 2564 6114 288 270
Tiles_226.xnb 2564 6384 288 270
Tiles_229.xnb 2564 6654 288 270
Tiles_230.xnb 2564 6924 288 270
Tiles_234.xnb 2564 7194 288 270
Tiles_246.xnb 4142 3968 54 1332
Tiles_248.xnb 2564 7464 288 270
Tiles_249.xnb 2564 7734 288 270
Tiles_25.xnb 2852 2604 288 270
Tiles_250.xnb 3140 2604 288 270
Tiles_251.xnb 3428 2604 288 270
Tiles_252.xnb 3716 2604 288 270
Tiles_253.xnb 4004 2604 288 270
Tiles_254.xnb 7988 1840 180 216
Tiles_266.xnb 0 8100 324 90
Tiles_27.xnb 934 8112 106 72
Tiles_284.xnb 7956 0 234 180
Tiles_288.xnb 6284 7600 36 576
Tiles_289.xnb 6324 7600 36 576
Tiles_290.xnb 6364 7600 36 576
Tiles_291.xnb 6404 7600 36 576
Tiles_292.xnb 6444 7600 36 576
Tiles_293.xnb 6484 7600 36 576
Tiles_294.xnb 6524 7600 36 576
Tiles_295.xnb 6564 7600 36 576
Tiles_30.xnb 4292 2604 288 270
Tiles_303.xnb 7002 5864 54 270
Tiles_311.xnb 4580 2604 288 270
Tiles_315.xnb 4868 2604 288 270
Tiles_317.xnb 6122 7824 36 360
Tiles_320.xnb 7216 8138 36 54
Tiles_321.xnb 5156 2604 288 270
Tiles_322.xnb 5444 2604 288 270
Tiles_325.xnb 7956 180 234 180
Tiles_346.xnb 5732 2604 288 270
Tiles_347.xnb 6020 2604 288 270
Tiles_348.xnb 6308 2604 288 270
Tiles_350.xnb 6596 2604 288 270
Tiles_357.xnb 7956 360 234 180
Tiles_360.xnb 6604 7600 36 576
Tiles_367.xnb 6884 2604 288 270
Tiles_368.xnb 7172 2604 288 270
Tiles_369.xnb 7460 2604 288 270
Tiles_37.xnb 7748 2604 288 270
Tiles_370.xnb 2852 2874 288 270
Tiles_371.xnb 2852 3144 288 270
Tiles_377.xnb 7698 8006 108 152
Tiles_378.xnb 4196 7595 72 594
Tiles_38.xnb 2852 3414 288 270
Tiles_383.xnb 2852 3684 288 270
Tiles_39.xnb 2852 3954 288 270
Tiles_393.xnb 5820 5024 54 1116
Tiles_394.xnb 4636 5048 54 1224
Tiles_396.xnb 2852 4224 288 270
Tiles_397.xnb 2852 4494 288 270
Tiles_398.xnb 2852 4764 288 270
Tiles_399.xnb 2852 5034 288 270
Tiles_40.xnb 2852 5304 288 270
Tiles_400.xnb 2852 5574 288 270
Tiles_401.xnb 2852 5844 288 270
Tiles_402.xnb 2852 6114 288 270
Tiles_403.xnb 2852 6384 288 270
Tiles_404.xnb 2852 6654 288 270
Tiles_407.xnb 2852 6924 288 270
Tiles_408.xnb 2852 7194 288 270
Tiles_409.xnb 3480 7970 234 180
Tiles_41.xnb 2852 7464 288 270
Tiles_415.xnb 2852 7734 288 270
Tiles_416.xnb 3140 2874 288 270
Tiles_417.xnb 3428 2874 288 270
Tiles_418.xnb 3716 2874 288 270
Tiles_420.xnb 6718 6031 52 106
Tiles_43.xnb 4004 2874 288 270
Tiles_44.xnb 4292 2874 288 270
Tiles_45.xnb 4580 2874 288 270
Tiles_453.xnb 8028 1392 108 216
Tiles_454.xnb 8118 3684 72 270
Tiles_456.xnb 8156 944 36 216
Tiles_46.xnb 4868 2874 288 270
Tiles_460.xnb 5156 2874 288 270
Tiles_47.xnb 5444 2874 288 270
Tiles_472.xnb 5732 2874 288 270
Tiles_473.xnb 6020 2874 288 270
Tiles_474.xnb 6308 2874 288 270
Tiles_478.xnb 6596 2874 288 270
Tiles_479.xnb 6884 2874 288 270
Tiles_481.xnb 7172 2874 288 270
Tiles_482.xnb 7460 2874 288 270
Tiles_483.xnb 7748 2874 288 270
Tiles_487.xnb 8028 1352 144 38
Tiles_49.xnb 8028 1146 36 22
Tiles_495.xnb 3140 3144 288 270
Tiles_496.xnb 3428 3144 288 270
Tiles_497.xnb 5456 6384 36 1718
Tiles_498.xnb 3716 3144 288 270
Tiles_500.xnb 4004 3144 288 270
Tiles_501.xnb 4292 3144 288 270
Tiles_502.xnb 4580 3144 288 270
Tiles_503.xnb 4868 3144 288 270
Tiles_53.xnb 5156 3144 288 270
Tiles_533.xnb 4022 7568 54 612
Tiles_56.xnb 5444 3144 288 270
Tiles_560.xnb 5594 652 108 54
Tiles_562.xnb 5732 3144 288 270
Tiles_563.xnb 6020 3144 288 270
Tiles_565.xnb 7624 8006 72 180
Tiles_566.xnb 6308 3144 288 270
Tiles_57.xnb 6596 3144 288 270
Tiles_573.xnb 3480 8150 180 36
Tiles_58.xnb 6884 3144 288 270
Tiles_580.xnb 6644 7600 36 576
Tiles_587.xnb 7522 7478 176 264
Tiles_588.xnb 7522 7742 176 264
Tiles_589.xnb 7698 7478 176 264
Tiles_59.bak.xnb 7172 3144 288 270
Tiles_59.xnb 7460 3144 288 270
Tiles_59_2.xnb 7748 3144 288 270
Tiles_5_0.xnb 7874 7478 176 264
Tiles_5_1.xnb 7698 7742 176 264
Tiles_5_2.xnb 7874 7742 176 264
Tiles_6.xnb 3140 3414 288 270
Tiles_63.xnb 3140 3684 288 270
Tiles_635.xnb 3140 3954 288 270
Tiles_639.xnb 4736 6272 36 396
Tiles_64.xnb 3140 4224 288 270
Tiles_641.xnb 3140 4494 288 270
Tiles_646.xnb 8064 1146 36 22
Tiles_647.xnb 936 540 1890 36
Tiles_65.xnb 3140 4764 288 270
Tiles_658.xnb 5914 6496 36 1620
Tiles_659.xnb 3140 5034 288 270
Tiles_66.xnb 3140 5304 288 270
Tiles_666.xnb 3140 5574 288 270
Tiles_667.xnb 3140 5844 288 270
Tiles_668.xnb 3140 6114 288 270
Tiles_67.xnb 3140 6384 288 270
Tiles_677.xnb 3140 6654 288 270
Tiles_678.xnb 3140 6924 288 270
Tiles_679.xnb 3140 7194 288 270
Tiles_68.xnb 3140 7464 288 270
Tiles_680.xnb 3140 7734 288 270
Tiles_681.xnb 3428 3414 288 270
Tiles_682.xnb 3716 3414 288 270
Tiles_683.xnb 4004 3414 288 270
Tiles_684.xnb 4292 3414 288 270
Tiles_685.xnb 4580 3414 288 270
Tiles_686.xnb 4868 3414 288 270
Tiles_687.xnb 5156 3414 288 270
Tiles_688.xnb 5444 3414 288 270
Tiles_689.xnb 5732 3414 288 270
Tiles_690.xnb 6020 3414 288 270
Tiles_691.xnb 6308 3414 288 270
Tiles_692.xnb 6596 3414 288 270
Tiles_7.xnb 6884 3414 288 270
Tiles_75.xnb 7172 3414 288 270
Tiles_76.xnb 7460 3414 288 270
Tiles_8.xnb 7748 3414 288 270
Tiles_80.xnb 8028 720 126 216
Tiles_9.xnb 3428 3684 288 270
Tiles_92.xnb 8150 6032 36 106
TravelingMerchant_Default.xnb 4556 5048 40 1664
TravelingMerchant_Default_Party.xnb 4596 5048 40 1664
Tree_Branches_20.xnb 4288 7408 84 756
Underworld 4.xnb 5628 4784 48 1300
Vulture.xnb 3684 5418 32 220
Wall_319.xnb 0 0 468 180
Wall_32.xnb 468 0 468 180
Wall_320.xnb 936 0 468 180
Wall_321.xnb 1404 0 468 180
Wall_322.xnb 1872 0 468 180
Wall_33.xnb 2340 0 468 180
Wall_331.xnb 2808 0 468 180
Wall_332.xnb 3276 0 468 180
Wall_333.xnb 3744 0 468 180
Wall_334.xnb 4212 0 468 180
Wall_335.xnb 4680 0 468 180
Wall_336.xnb 5148 0 468 180
Wall_337.xnb 5616 0 468 180
Wall_338.xnb 6084 0 468 180
Wall_339.xnb 6552 0 468 180
Wall_34.xnb 7020 0 468 180
Wall_340.xnb 7488 0 468 180
Wall_341.xnb 0 180 468 180
Wall_342.xnb 468 180 468 180
Wall_343.xnb 936 180 468 180
Wall_344.xnb 1404 180 468 180
Wall_345.xnb 1872 180 468 180
Wall_346.xnb 2340 180 468 180
Wall_35.xnb 2808 180 468 180
Wall_36.xnb 3276 180 468 180
Wall_37.xnb 3744 180 468 180
Wall_38.xnb 4212 180 468 180
Wall_39.xnb 4680 180 468 180
Wall_4.xnb 5148 180 468 180
Wall_40.xnb 5616 180 468 180
Wall_41.xnb 6084 180 468 180
Wall_42.xnb 6552 180 468 180
Wall_43.xnb 7020 180 468 180
Wall_44.xnb 7488 180 468 180
Wall_45.xnb 0 360 468 180
Wall_46.xnb 0 540 468 180
Wall_47.xnb 0 720 468 180
Wall_48.xnb 0 900 468 180
Wall_49.xnb 0 1080 468 180
Wall_5.xnb 0 1260 468 180
Wall_50.xnb 0 1440 468 180
Wall_51.xnb 0 1620 468 180
Wall_52.xnb 0 1800 468 180
Wall_53.xnb 0 1980 468 180
Wall_54.xnb 0 2160 468 180
Wall_55.xnb 0 2340 468 180
Wall_56.xnb 0 2520 468 180
Wall_57.xnb 0 2700 468 180
Wall_58.xnb 0 2880 468 180
Wall_59.xnb 0 3060 468 180
Wall_6.xnb 0 3240 468 180
Wall_60.xnb 0 3420 468 180
Wall_61.xnb 0 3600 468 180
Wall_62.xnb 0 3780 468 180
Wall_63.xnb 0 3960 468 180
Wall_64.xnb 0 4140 468 180
Wall_65.xnb 0 4320 468 180
Wall_66.xnb 0 4500 468 180
Wall_67.xnb 0 4680 468 180
Wall_68.xnb 0 4860 468 180
Wall_69.xnb 0 5040 468 180
Wall_7.xnb 0 5220 468 180
Wall_70.xnb 0 5400 468 180
Wall_71.xnb 0 5580 468 180
Wall_72.xnb 0 5760 468 180
Wall_73.xnb 0 5940 468 180
Wall_74.xnb 0 6120 468 180
Wall_75.xnb 0 6300 468 180
Wall_76.xnb 0 6480 468 180
Wall_77.xnb 0 6660 468 180
Wall_78.xnb 0 6840 468 180
Wall_79.xnb 0 7020 468 180
Wall_8.xnb 0 7200 468 180
Wall_80.xnb 0 7380 468 180
Wall_81.xnb 0 7560 468 180
Wall_82.xnb 0 7740 468 180
Wall_83.xnb 0 7920 468 180
Wall_84.xnb 468 360 468 180
Wall_85.xnb 936 360 468 180
Wall_86.xnb 1404 360 468 180
Wall_87.xnb 1872 360 468 180
Wall_88.xnb 2340 360 468 180
Wall_89.xnb 2808 360 468 180
Wall_9.xnb 3276 360 468 180
Wall_90.xnb 3744 360 468 180
Wall_91.xnb 4212 360 468 180
Wall_92.xnb 4680 360 468 180
Wall_93.xnb 5148 360 468 180
Wall_94.xnb 5616 360 468 180
Wall_95.xnb 6084 360 468 180
Wall_96.xnb 6552 360 468 180
Wall_97.xnb 7020 360 468 180
Wall_98.xnb 7488 360 468 180
Wall_99.xnb 468 540 468 180
Wings_12.xnb 8036 2334 108 240
Wings_27.xnb 8036 3414 86 264
Wings_41.xnb 8036 2604 104 248
Wings_42.xnb 8036 2064 110 248
Wings_5.xnb 8050 7478 86 264
WitchDoctor_Default.xnb 3716 5140 50 1456
Wizard_Default.xnb 5874 6496 40 1472
Wizard_Default_Party.xnb 5914 5024 40 1472
Wraith_Eyes.xnb 4746 5880 26 200
XmasLight.xnb 706 8112 108 72
Xmas_1.xnb 3274 540 396 130
noise.xnb 6596 4528 256 256
water_0.xnb 4804 4784 48 1360
water_1.xnb 4804 6144 48 1360
water_10.xnb 4852 4784 48 1360
water_11.xnb 4852 6144 48 1360
water_12.xnb 4900 4784 48 1360
water_13.xnb 4900 6144 48 1360
water_2.xnb 4948 4784 48 1360
water_3.xnb 4948 6144 48 1360
water_4.xnb 4996 4784 48 1360
water_5.xnb 4996 6144 48 1360
water_6.xnb 5044 4784 48 1360
water_7.xnb 5044 6144 48 1360
water_8.xnb 5092 4784 48 1360
water_9.xnb 5092 6144 48 1360
